"","X","x.1","x.2","y","yp","yv","ysd","ysd0","zscore"
"1",1,0.349248711103341,0.233957541710697,0.758069416201378,0.563027558696885,0.0479222633655485,0.218911542330569,0.218911542330569,-0.890961963120102
"2",2,0.857249271083041,0.644844318583841,0.576567464892858,0.563027558696885,0.0479222633655485,0.218911542330569,0.218911542330569,-0.0618510383318526
"3",3,0.675877556969062,0.321305404802086,0.84078423744567,0.563027558696885,0.0479222633655485,0.218911542330569,0.218911542330569,-1.26880782891455
"4",4,0.937470624996815,0.291026441116701,0.445626490960841,0.563027558696885,0.0479222633655485,0.218911542330569,0.218911542330569,0.536294552978671
"5",5,0.858096997222281,0.472056450835778,0.71899077453197,0.563027558696885,0.0479222633655485,0.218911542330569,0.218911542330569,-0.712448572490397
"6",6,0.477832123361528,0.606396164537291,0.885586746998196,0.563027558696885,0.0479222633655485,0.218911542330569,0.218911542330569,-1.47346816374912
"7",7,0.344818213048158,0.645589916801546,0.680237085337494,0.563027558696885,0.0479222633655485,0.218911542330569,0.218911542330569,-0.535419582689778
"8",8,0.0183344495960046,0.596023941210471,0.337465093708317,0.563027558696885,0.0479222633655485,0.218911542330569,0.218911542330569,1.03038178155063
"9",9,0.143796416215715,0.313306125250878,0.483888061874573,0.563027558696885,0.0479222633655485,0.218911542330569,0.218911542330569,0.361513586628552
"10",10,0.67730619160668,0.290831549018156,0.79744580737695,0.563027558696885,0.0479222633655485,0.218911542330569,0.218911542330569,-1.07083548991711
"11",11,0.781611357245129,0.114648884510389,0.372398879656409,0.563027558696885,0.0479222633655485,0.218911542330569,0.218911542330569,0.870802320476166
"12",12,0.742923330727266,0.667113202476175,0.710828158144635,0.563027558696885,0.0479222633655485,0.218911542330569,0.218911542330569,-0.67516129060277
"13",13,0.760788880097214,0.748353424384724,0.548215320184348,0.563027558696885,0.0479222633655485,0.218911542330569,0.218911542330569,0.0676631225327062
"14",14,0.451959679177613,0.647342748679919,0.816266252115701,0.563027558696885,0.0479222633655485,0.218911542330569,0.218911542330569,-1.15680831957417
"15",15,0.0329152728206245,0.514038320879685,0.33628086070084,0.563027558696885,0.0479222633655485,0.218911542330569,0.218911542330569,1.03579142324823
"16",16,0.777616801188211,0.623185740329674,0.728651814826578,0.563027558696885,0.0479222633655485,0.218911542330569,0.218911542330569,-0.756580737435904
"17",17,0.1787019494985,0.875083056796109,0.361511771855524,0.563027558696885,0.0479222633655485,0.218911542330569,0.218911542330569,0.92053522941728
"18",18,0.0338150917560561,0.41011928148556,0.333326499487715,0.563027558696885,0.0479222633655485,0.218911542330569,0.218911542330569,1.04928710822524
"19",19,0.179726732638082,0.662784211345599,0.43434359300825,0.563027558696885,0.0479222633655485,0.218911542330569,0.218911542330569,0.587835453163611
"20",20,0.640526046077139,0.0958727847151458,0.55160959226576,0.563027558696885,0.0479222633655485,0.218911542330569,0.218911542330569,0.0521579004449352
"21",21,0.0879900713578099,0.818828427649802,0.350709966407957,0.563027558696885,0.0479222633655485,0.218911542330569,0.218911542330569,0.969878472503365
"22",22,0.56239906498231,0.378724037336768,0.966041801502406,0.563027558696885,0.0479222633655485,0.218911542330569,0.218911542330569,-1.84099129043158
"23",23,0.897284485795186,0.139955537580419,0.255344265225254,0.563027558696885,0.0479222633655485,0.218911542330569,0.218911542330569,1.40551425564857
"24",24,0.0136964191477746,0.339714401534409,0.323010368797965,0.563027558696885,0.0479222633655485,0.218911542330569,0.218911542330569,1.09641176222897
"25",25,0.957155874348828,0.0952708689287538,0.129405037490544,0.563027558696885,0.0479222633655485,0.218911542330569,0.218911542330569,1.98081159444551
"26",26,0.349602496975334,0.228470879088622,0.7555458813394,0.563027558696885,0.0479222633655485,0.218911542330569,0.218911542330569,-0.879434316678475
"27",27,0.819330072364421,0.694275369459763,0.555489892948243,0.563027558696885,0.0479222633655485,0.218911542330569,0.218911542330569,0.0344324728993033
"28",28,0.716748052035458,0.0978325922287768,0.444267801360252,0.563027558696885,0.0479222633655485,0.218911542330569,0.218911542330569,0.542501122016211
"29",29,0.736985790666076,0.846175118044135,0.420682440327245,0.563027558696885,0.0479222633655485,0.218911542330569,0.218911542330569,0.650240352126754
"30",30,0.89128168806131,0.894943930070614,0.184698588865458,0.563027558696885,0.0479222633655485,0.218911542330569,0.218911542330569,1.72822760190565
"31",31,0.792927907240926,0.620575701827882,0.709983125312046,0.563027558696885,0.0479222633655485,0.218911542330569,0.218911542330569,-0.671301134013526
"32",32,0.867644842666341,0.287668354118126,0.535490472868481,0.563027558696885,0.0479222633655485,0.218911542330569,0.218911542330569,0.125790926943548
"33",33,0.663547216093983,0.115747075582156,0.547807751158844,0.563027558696885,0.0479222633655485,0.218911542330569,0.218911542330569,0.0695249203217357
"34",34,0.426576125085121,0.343658728042501,0.889639148787534,0.563027558696885,0.0479222633655485,0.218911542330569,0.218911542330569,-1.49197975864355
"35",35,0.614339229436475,0.575868895316846,0.945477200168374,0.563027558696885,0.0479222633655485,0.218911542330569,0.218911542330569,-1.74705105724379
"36",36,0.936763497334439,0.0747677604710916,0.120835888576907,0.563027558696885,0.0479222633655485,0.218911542330569,0.218911542330569,2.01995593933664
"37",37,0.939570971522364,0.767140073569375,0.258556296976883,0.563027558696885,0.0479222633655485,0.218911542330569,0.218911542330569,1.39084151743919
"38",38,0.544774108001497,0.607024107262026,0.920491680506195,0.563027558696885,0.0479222633655485,0.218911542330569,0.218911542330569,-1.63291582528581
"39",39,0.145403277345002,0.364553190180333,0.478717153162511,0.563027558696885,0.0479222633655485,0.218911542330569,0.218911542330569,0.385134582840134
"40",40,0.307396081525483,0.818019347879803,0.459522708153896,0.563027558696885,0.0479222633655485,0.218911542330569,0.218911542330569,0.472815866358891
"41",41,0.683883149671834,0.805206746382522,0.543698263869319,0.563027558696885,0.0479222633655485,0.218911542330569,0.218911542330569,0.0882972849297171
"42",42,0.561647142918431,0.0219562887087232,0.561958553867855,0.563027558696885,0.0479222633655485,0.218911542330569,0.218911542330569,0.00488327302274355
"43",43,0.291384842058062,0.979288404904655,0.365912290699925,0.563027558696885,0.0479222633655485,0.218911542330569,0.218911542330569,0.900433416614025
"44",44,0.88087476168212,0.141632288817898,0.277989258095434,0.563027558696885,0.0479222633655485,0.218911542330569,0.218911542330569,1.30207067917427
"45",45,0.805316702000797,0.93821197490138,0.253956225215281,0.563027558696885,0.0479222633655485,0.218911542330569,0.218911542330569,1.41185489897508
"46",46,0.0341921248967992,0.380914036745322,0.335318503976831,0.563027558696885,0.0479222633655485,0.218911542330569,0.218911542330569,1.04018752184478
"47",47,0.0921496538927313,0.572163156124181,0.377317408915618,0.563027558696885,0.0479222633655485,0.218911542330569,0.218911542330569,0.84833420752586
"48",48,0.521248128126492,0.0228719955348643,0.603419878511024,0.563027558696885,0.0479222633655485,0.218911542330569,0.218911542330569,-0.184514344854161
"49",49,0.499701450011809,0.0892310706202406,0.682108461358027,0.563027558696885,0.0479222633655485,0.218911542330569,0.218911542330569,-0.543968131572172
"50",50,0.12930249159364,0.777373049102724,0.357318207786554,0.563027558696885,0.0479222633655485,0.218911542330569,0.218911542330569,0.939691661391239
"51",51,0.972388996048947,0.0306192422093591,0.0396324209825578,0.563027558696885,0.0479222633655485,0.218911542330569,0.218911542330569,2.39089785829552
"52",52,0.111234181349166,0.640720573695959,0.378900771555991,0.563027558696885,0.0479222633655485,0.218911542330569,0.218911542330569,0.841101319650163
"53",53,0.918565325276577,0.332017384464154,0.527711650746593,0.563027558696885,0.0479222633655485,0.218911542330569,0.218911542330569,0.161325015457444
"54",54,0.876625104039675,0.69118486231158,0.472535898415045,0.563027558696885,0.0479222633655485,0.218911542330569,0.218911542330569,0.413370895469698
"55",55,0.542863909384818,0.801135736496886,0.628868939025531,0.563027558696885,0.0479222633655485,0.218911542330569,0.218911542330569,-0.300767056993375
"56",56,0.498028956970316,0.925943128353334,0.439533810864691,0.563027558696885,0.0479222633655485,0.218911542330569,0.218911542330569,0.564126251715459
"57",57,0.637138109703432,0.768794353231206,0.648615866703968,0.563027558696885,0.0479222633655485,0.218911542330569,0.218911542330569,-0.390972111821494
"58",58,0.224280586462934,0.0551381680523045,0.563042329904452,0.563027558696885,0.0479222633655485,0.218911542330569,0.218911542330569,-6.74756909102708e-05
"59",59,0.431285840653349,0.668441270603915,0.769012683286563,0.563027558696885,0.0479222633655485,0.218911542330569,0.218911542330569,-0.940951410769509
"60",60,0.303924794150284,0.846884451371734,0.433226154953071,0.563027558696885,0.0479222633655485,0.218911542330569,0.218911542330569,0.592939971834863
"61",61,0.61786454271595,0.596657881688094,0.923491996922165,0.563027558696885,0.0479222633655485,0.218911542330569,0.218911542330569,-1.64662143616419
"62",62,0.810260943605099,0.513252709878958,0.783304960739023,0.563027558696885,0.0479222633655485,0.218911542330569,0.218911542330569,-1.00623932249998
"63",63,0.330504491142463,0.911038905128371,0.402453118521385,0.563027558696885,0.0479222633655485,0.218911542330569,0.218911542330569,0.733512899621453
"64",64,0.541652988326969,0.536467022423749,0.978299808112209,0.563027558696885,0.0479222633655485,0.218911542330569,0.218911542330569,-1.89698654074731
"65",65,0.822591276037972,0.86024922462937,0.298362148385633,0.563027558696885,0.0479222633655485,0.218911542330569,0.218911542330569,1.20900619260903
"66",66,0.568470062887296,0.552596949151601,0.972376260530665,0.563027558696885,0.0479222633655485,0.218911542330569,0.218911542330569,-1.86992744866618
"67",67,0.582682710894267,0.234892511124839,0.801812621878766,0.563027558696885,0.0479222633655485,0.218911542330569,0.218911542330569,-1.09078333942439
"68",68,0.959947371552,0.750275931606768,0.255474573860821,0.563027558696885,0.0479222633655485,0.218911542330569,0.218911542330569,1.40491899861379
"69",69,0.481775594289182,0.518047881341539,0.954839547419266,0.563027558696885,0.0479222633655485,0.218911542330569,0.218911542330569,-1.78981877589041
"70",70,0.817865285267937,0.598548943395377,0.701197404570764,0.563027558696885,0.0479222633655485,0.218911542330569,0.218911542330569,-0.631167477068132
"71",71,0.503439842326567,0.817438912039273,0.597728715690619,0.563027558696885,0.0479222633655485,0.218911542330569,0.218911542330569,-0.158516799179704
"72",72,0.0422773171464214,0.263081026745611,0.36667353630017,0.563027558696885,0.0479222633655485,0.218911542330569,0.218911542330569,0.89695600472363
"73",73,0.96195807415212,0.141305724366102,0.188841156825155,0.563027558696885,0.0479222633655485,0.218911542330569,0.218911542330569,1.70930412297168
"74",74,0.806586027925601,0.142539373206208,0.380256043624012,0.563027558696885,0.0479222633655485,0.218911542330569,0.218911542330569,0.834910362089896
"75",75,0.536834019431728,0.473158496771241,0.996177581273325,0.563027558696885,0.0479222633655485,0.218911542330569,0.218911542330569,-1.97865319464224
"76",76,0.757215527338674,0.358303124898928,0.790671646319702,0.563027558696885,0.0479222633655485,0.218911542330569,0.218911542330569,-1.03989074856118
"77",77,0.429384893134004,0.910918447281816,0.443440234722134,0.563027558696885,0.0479222633655485,0.218911542330569,0.218911542330569,0.546281492065719
"78",78,0.78019701465033,0.732191279631224,0.54880116948941,0.563027558696885,0.0479222633655485,0.218911542330569,0.218911542330569,0.0649869305931449
"79",79,0.489408630566555,0.731392975657247,0.728873111336877,0.563027558696885,0.0479222633655485,0.218911542330569,0.218911542330569,-0.757591632101133
"80",80,0.694864804934827,0.0406281986560207,0.398056628691442,0.563027558696885,0.0479222633655485,0.218911542330569,0.218911542330569,0.753596307664433
"81",81,0.713193873445503,0.792020954970736,0.534074510214559,0.563027558696885,0.0479222633655485,0.218911542330569,0.218911542330569,0.132259122447757
"82",82,0.104732012117747,0.819701696287957,0.350809098139596,0.563027558696885,0.0479222633655485,0.218911542330569,0.218911542330569,0.96942563328537
"83",83,0.085010165287531,0.173149969028076,0.432278050261745,0.563027558696885,0.0479222633655485,0.218911542330569,0.218911542330569,0.597270966360014
"84",84,0.586402029718738,0.210550706994953,0.766646839985715,0.563027558696885,0.0479222633655485,0.218911542330569,0.218911542330569,-0.930144108077011
"85",85,0.13694822152867,0.609759791983292,0.410792600090484,0.563027558696885,0.0479222633655485,0.218911542330569,0.218911542330569,0.69541768782807
"86",86,0.335633115276345,0.624646322502638,0.686321164587122,0.563027558696885,0.0479222633655485,0.218911542330569,0.218911542330569,-0.563211992285252
"87",87,0.959446749405237,0.119019092965522,0.159561820439272,0.563027558696885,0.0479222633655485,0.218911542330569,0.218911542330569,1.84305374656014
"88",88,0.544249509385321,0.666085005896515,0.846079749850981,0.563027558696885,0.0479222633655485,0.218911542330569,0.218911542330569,-1.29299802166973
"89",89,0.27817596034857,0.595562966276077,0.617533611706699,0.563027558696885,0.0479222633655485,0.218911542330569,0.218911542330569,-0.248986656571569
"90",90,0.88395286211581,0.470636892221402,0.679601556759304,0.563027558696885,0.0479222633655485,0.218911542330569,0.218911542330569,-0.532516453090379
"91",91,0.442330383839435,0.44122485944326,0.933561546728817,0.563027558696885,0.0479222633655485,0.218911542330569,0.218911542330569,-1.69261969509312
"92",92,0.455671634019818,0.567706947145052,0.900087445350512,0.563027558696885,0.0479222633655485,0.218911542330569,0.218911542330569,-1.53970815364613
"93",93,0.110946780762984,0.893944389179349,0.364420207579124,0.563027558696885,0.0479222633655485,0.218911542330569,0.218911542330569,0.907249334609559
"94",94,0.956370210794965,0.933870173564181,0.0968327219613352,0.563027558696885,0.0479222633655485,0.218911542330569,0.218911542330569,2.12960372839349
"95",95,0.403282974232337,0.226373796858941,0.796396047357236,0.563027558696885,0.0479222633655485,0.218911542330569,0.218911542330569,-1.06604012824482
"96",96,0.745693918855512,0.0194282494841609,0.291110435512509,0.563027558696885,0.0479222633655485,0.218911542330569,0.218911542330569,1.2421324170005
"97",97,0.71146665141196,0.206503483309294,0.623287133722618,0.563027558696885,0.0479222633655485,0.218911542330569,0.218911542330569,-0.275269062490719
"98",98,0.975889306479017,0.449235653861891,0.541312778473591,0.563027558696885,0.0479222633655485,0.218911542330569,0.218911542330569,0.099194313795037
"99",99,0.161780151942745,0.356278868198628,0.505852461435685,0.563027558696885,0.0479222633655485,0.218911542330569,0.218911542330569,0.26117899792996
"100",100,0.209773227133439,0.194852676355746,0.581544973777215,0.563027558696885,0.0479222633655485,0.218911542330569,0.218911542330569,-0.0845885734630093
"101",101,0.289485141589772,0.504536347218324,0.691611323087237,0.563027558696885,0.0479222633655485,0.218911542330569,0.218911542330569,-0.587377728106192
"102",102,0.537672641614103,0.398514201548998,0.977791469253754,0.563027558696885,0.0479222633655485,0.218911542330569,0.218911542330569,-1.89466442080314
"103",103,0.246596952783759,0.977785683181603,0.367613955562385,0.563027558696885,0.0479222633655485,0.218911542330569,0.218911542330569,0.892660117662568
"104",104,0.520300025287899,0.77491077417566,0.670692640066387,0.563027558696885,0.0479222633655485,0.218911542330569,0.218911542330569,-0.491820030242725
"105",105,0.939340314300731,0.956827831355738,0.11555008172967,0.563027558696885,0.0479222633655485,0.218911542330569,0.218911542330569,2.04410179656721
"106",106,0.839411998096621,0.586459368765936,0.682424483212862,0.563027558696885,0.0479222633655485,0.218911542330569,0.218911542330569,-0.545411736836063
"107",107,0.638918711057631,0.262428880711086,0.795077991819494,0.563027558696885,0.0479222633655485,0.218911542330569,0.218911542330569,-1.06001917784764
"108",108,0.61078254255245,0.0471838737361832,0.529666255617374,0.563027558696885,0.0479222633655485,0.218911542330569,0.218911542330569,0.152396272596415
"109",109,0.448293955326197,0.804013761841808,0.594038459955202,0.563027558696885,0.0479222633655485,0.218911542330569,0.218911542330569,-0.141659507434691
"110",110,0.245590567743522,0.432487046348397,0.636921459351904,0.563027558696885,0.0479222633655485,0.218911542330569,0.218911542330569,-0.337551414001894
"111",111,0.0177776008928195,0.365197565426584,0.322889052792128,0.563027558696885,0.0479222633655485,0.218911542330569,0.218911542330569,1.09696594043513
"112",112,0.8359647306439,0.530781596238143,0.736167404260446,0.563027558696885,0.0479222633655485,0.218911542330569,0.218911542330569,-0.790912364511643
"113",113,0.0412440404917579,0.13761651610292,0.400172481104883,0.563027558696885,0.0479222633655485,0.218911542330569,0.218911542330569,0.743930977134506
"114",114,0.639689605151885,0.83985249859863,0.524624606182,0.563027558696885,0.0479222633655485,0.218911542330569,0.218911542330569,0.175426805302456
"115",115,0.168397439648281,0.958941112746368,0.375390275998287,0.563027558696885,0.0479222633655485,0.218911542330569,0.218911542330569,0.857137456988243
"116",116,0.304403945149737,0.288174596301746,0.727579001705223,0.563027558696885,0.0479222633655485,0.218911542330569,0.218911542330569,-0.751680067923764
"117",117,0.91803133532207,0.385289872161229,0.587280786628277,0.563027558696885,0.0479222633655485,0.218911542330569,0.218911542330569,-0.110790082940296
"118",118,0.375574502436444,0.712575544429594,0.648366826252039,0.563027558696885,0.0479222633655485,0.218911542330569,0.218911542330569,-0.38983448130061
"119",119,0.216503338736715,0.487946733965189,0.57000378701256,0.563027558696885,0.0479222633655485,0.218911542330569,0.218911542330569,-0.0318677957379721
"120",120,0.0143139901410323,0.138910822365084,0.381904539937874,0.563027558696885,0.0479222633655485,0.218911542330569,0.218911542330569,0.827379940001085
"121",121,0.270892747361679,0.457043557594065,0.675852464639184,0.563027558696885,0.0479222633655485,0.218911542330569,0.218911542330569,-0.51539039349477
"122",122,0.214730876930524,0.978490636820206,0.371904034657407,0.563027558696885,0.0479222633655485,0.218911542330569,0.218911542330569,0.873062799726067
"123",123,0.248552802344901,0.0668495928240009,0.589908046885318,0.563027558696885,0.0479222633655485,0.218911542330569,0.218911542330569,-0.122791552707814
"124",124,0.564506168633234,0.754385029803729,0.706467178865547,0.563027558696885,0.0479222633655485,0.218911542330569,0.218911542330569,-0.655240096714772
"125",125,0.920136061528698,0.678510115855024,0.426935511449203,0.563027558696885,0.0479222633655485,0.218911542330569,0.218911542330569,0.621675978337292
"126",126,0.057971339152893,0.687390508845449,0.347137410112021,0.563027558696885,0.0479222633655485,0.218911542330569,0.218911542330569,0.98619810671681
"127",127,0.837938606722513,0.468341533187893,0.749171336270799,0.563027558696885,0.0479222633655485,0.218911542330569,0.218911542330569,-0.850315043200537
"128",128,0.644025378055056,0.695534521646914,0.770056381118321,0.563027558696885,0.0479222633655485,0.218911542330569,0.218911542330569,-0.945719080032841
"129",129,0.176092899457319,0.538415307939635,0.486210858470395,0.563027558696885,0.0479222633655485,0.218911542330569,0.218911542330569,0.350902923658965
"130",130,0.468954928983352,0.153432903359528,0.752703359228345,0.563027558696885,0.0479222633655485,0.218911542330569,0.218911542330569,-0.866449518888495
"131",131,0.620179882832221,0.0877321089671459,0.567635378992169,0.563027558696885,0.0479222633655485,0.218911542330569,0.218911542330569,-0.0210487772651379
"132",132,0.269263422582531,0.379177631270606,0.684832619083053,0.563027558696885,0.0479222633655485,0.218911542330569,0.218911542330569,-0.556412234318076
"133",133,0.163906171186594,0.177423125419882,0.522203924254419,0.563027558696885,0.0479222633655485,0.218911542330569,0.218911542330569,0.186484613866637
"134",134,0.913881052342593,0.610422347507789,0.537653852671435,0.563027558696885,0.0479222633655485,0.218911542330569,0.218911542330569,0.11590848867683
"135",135,0.318443224972696,0.849593253114377,0.441698083926728,0.563027558696885,0.0479222633655485,0.218911542330569,0.218911542330569,0.55423973299198
"136",136,0.283548959384789,0.851269418950426,0.415860148998588,0.563027558696885,0.0479222633655485,0.218911542330569,0.218911542330569,0.672268844902046
"137",137,0.113563528239261,0.099300187286688,0.464437381617963,0.563027558696885,0.0479222633655485,0.218911542330569,0.218911542330569,0.45036536689347
"138",138,0.583191590045346,0.839300858517759,0.556752130514175,0.563027558696885,0.0479222633655485,0.218911542330569,0.218911542330569,0.0286665020761387
"139",139,0.657978069263045,0.384265435538953,0.925778528794049,0.563027558696885,0.0479222633655485,0.218911542330569,0.218911542330569,-1.65706643987456
"140",140,0.350784027731977,0.738444158960367,0.587261888819483,0.563027558696885,0.0479222633655485,0.218911542330569,0.218911542330569,-0.110703756707368
"141",141,0.662531302839983,0.913839581376407,0.400342062948837,0.563027558696885,0.0479222633655485,0.218911542330569,0.218911542330569,0.743156317917598
"142",142,0.592682722349069,0.389445959403296,0.967279974224882,0.563027558696885,0.0479222633655485,0.218911542330569,0.218911542330569,-1.84664733172248
"143",143,0.247577862920007,0.628106594334822,0.54545794394707,0.563027558696885,0.0479222633655485,0.218911542330569,0.218911542330569,0.080258969274831
"144",144,0.581146040582913,0.568026347241364,0.960316791645825,0.563027558696885,0.0479222633655485,0.218911542330569,0.218911542330569,-1.81483912962895
"145",145,0.408138560246094,0.854978571945918,0.499309050142869,0.563027558696885,0.0479222633655485,0.218911542330569,0.218911542330569,0.291069661634366
"146",146,0.887668496026308,0.409419332856778,0.651015242525005,0.563027558696885,0.0479222633655485,0.218911542330569,0.218911542330569,-0.401932592915788
"147",147,0.203665106206783,0.471229888601112,0.553369024429489,0.563027558696885,0.0479222633655485,0.218911542330569,0.218911542330569,0.0441207172749763
"148",148,0.897883176208707,0.696960109158768,0.430534934787815,0.563027558696885,0.0479222633655485,0.218911542330569,0.218911542330569,0.605233613990982
"149",149,0.0496930359720718,0.486238045048085,0.346779472486043,0.563027558696885,0.0479222633655485,0.218911542330569,0.218911542330569,0.987833185535256
"150",150,0.159472001916147,0.565078734523617,0.453035490778763,0.563027558696885,0.0479222633655485,0.218911542330569,0.218911542330569,0.5024498331478
"151",151,0.669516810021363,0.831873773351545,0.51314748502362,0.563027558696885,0.0479222633655485,0.218911542330569,0.218911542330569,0.227854927804324
"152",152,0.218368185798754,0.506149125562748,0.566474946429694,0.563027558696885,0.0479222633655485,0.218911542330569,0.218911542330569,-0.015747857313084
"153",153,0.818619398675044,0.455286261105794,0.775694159035134,0.563027558696885,0.0479222633655485,0.218911542330569,0.218911542330569,-0.971472760523107
"154",154,0.247463861794327,0.770897148874588,0.439957640475612,0.563027558696885,0.0479222633655485,0.218911542330569,0.218911542330569,0.562190174675351
"155",155,0.0353855629410828,0.655670641059754,0.343732762436304,0.563027558696885,0.0479222633655485,0.218911542330569,0.218911542330569,1.00175072509166
"156",156,0.250467082260293,0.259935905471793,0.646145563159539,0.563027558696885,0.0479222633655485,0.218911542330569,0.218911542330569,-0.379687628974543
"157",157,0.958577403020463,0.571567686132388,0.515870765203015,0.563027558696885,0.0479222633655485,0.218911542330569,0.218911542330569,0.215414833735265
"158",158,0.246308131445316,0.80644600233878,0.41625193670706,0.563027558696885,0.0479222633655485,0.218911542330569,0.218911542330569,0.670479137039679
"159",159,0.303109048023587,0.139374532860471,0.669390279664635,0.563027558696885,0.0479222633655485,0.218911542330569,0.218911542330569,-0.485870776092456
"160",160,0.484277347248397,0.668674996393733,0.816400010626596,0.563027558696885,0.0479222633655485,0.218911542330569,0.218911542330569,-1.15741933582974
"161",161,0.637745371956727,0.28269399521139,0.824755371468476,0.563027558696885,0.0479222633655485,0.218911542330569,0.218911542330569,-1.19558708501705
"162",162,0.321116947327857,0.345086499512661,0.764745180129579,0.563027558696885,0.0479222633655485,0.218911542330569,0.218911542330569,-0.9214572209632
"163",163,0.935228202517959,0.799906821833341,0.219412040198565,0.563027558696885,0.0479222633655485,0.218911542330569,0.218911542330569,1.56965464150557
"164",164,0.276755341379903,0.115382125345292,0.63498976208798,0.563027558696885,0.0479222633655485,0.218911542330569,0.218911542330569,-0.328727314352515
"165",165,0.900975415107328,0.726081708330661,0.378112201559164,0.563027558696885,0.0479222633655485,0.218911542330569,0.218911542330569,0.844703550891292
"166",166,0.36973479585594,0.329814474151121,0.824920103596643,0.563027558696885,0.0479222633655485,0.218911542330569,0.218911542330569,-1.19633959046474
"167",167,0.258795238432591,0.207681270642672,0.646305090389993,0.563027558696885,0.0479222633655485,0.218911542330569,0.218911542330569,-0.380416358162394
"168",168,0.323516022007447,0.241919430929353,0.734939829508721,0.563027558696885,0.0479222633655485,0.218911542330569,0.218911542330569,-0.785304735335694
"169",169,0.756761557087302,0.110589378321543,0.403147261232347,0.563027558696885,0.0479222633655485,0.218911542330569,0.218911542330569,0.730342017430536
"170",170,0.227285355137312,0.150746702701552,0.594604488016432,0.563027558696885,0.0479222633655485,0.218911542330569,0.218911542330569,-0.144245154839136
"171",171,0.585024263060535,0.537499059342896,0.981193972629295,0.563027558696885,0.0479222633655485,0.218911542330569,0.218911542330569,-1.91020724389651
"172",172,0.480112779622315,0.330043448245386,0.915750904485633,0.563027558696885,0.0479222633655485,0.218911542330569,0.218911542330569,-1.61125969893408
"173",173,0.469853407390649,0.830285867111059,0.566488552050216,0.563027558696885,0.0479222633655485,0.218911542330569,0.218911542330569,-0.0158100085380818
"174",174,0.109129358583596,0.790632772900164,0.350878479529313,0.563027558696885,0.0479222633655485,0.218911542330569,0.218911542330569,0.969108695270233
"175",175,0.560049697850947,0.420906147650792,0.990065247862779,0.563027558696885,0.0479222633655485,0.218911542330569,0.218911542330569,-1.95073171848126
"176",176,0.502011334336596,0.624217048557359,0.883509580910859,0.563027558696885,0.0479222633655485,0.218911542330569,0.218911542330569,-1.46397955449068
"177",177,0.309280007340014,0.669181872028159,0.603980939585899,0.563027558696885,0.0479222633655485,0.218911542330569,0.218911542330569,-0.18707730279097
"178",178,0.894330072370009,0.292174250879209,0.504962591401095,0.563027558696885,0.0479222633655485,0.218911542330569,0.218911542330569,0.265243973331057
"179",179,0.758866353429272,0.094610925889574,0.3758065277162,0.563027558696885,0.0479222633655485,0.218911542330569,0.218911542330569,0.855235996181373
"180",180,0.779183361320873,0.500600124824094,0.831756497813187,0.563027558696885,0.0479222633655485,0.218911542330569,0.218911542330569,-1.22756861632497
"181",181,0.866565346469055,0.317121552265366,0.581100461044592,0.563027558696885,0.0479222633655485,0.218911542330569,0.218911542330569,-0.0825580147821345
"182",182,0.813889136605314,0.769679032388958,0.4367151021994,0.563027558696885,0.0479222633655485,0.218911542330569,0.218911542330569,0.577002268371697
"183",183,0.425708918784745,0.269064757204033,0.841244225311566,0.563027558696885,0.0479222633655485,0.218911542330569,0.218911542330569,-1.27090907885779
"184",184,0.379038646287983,0.749369856892969,0.607208898899306,0.563027558696885,0.0479222633655485,0.218911542330569,0.218911542330569,-0.201822798981081
"185",185,0.986228040137212,0.878782212344231,0.0803492105259006,0.563027558696885,0.0479222633655485,0.218911542330569,0.218911542330569,2.20490131782139
"186",186,0.302550865291385,0.742508518011426,0.523930542809112,0.563027558696885,0.0479222633655485,0.218911542330569,0.218911542330569,0.178597325072674
"187",187,0.0769442115395796,0.749833434038097,0.347518594844959,0.563027558696885,0.0479222633655485,0.218911542330569,0.218911542330569,0.984456833831517
"188",188,0.860734884199919,0.922076691406779,0.205085421501413,0.563027558696885,0.0479222633655485,0.218911542330569,0.218911542330569,1.63509942593597
"189",189,0.504238347788691,0.158431902513141,0.749738625357528,0.563027558696885,0.0479222633655485,0.218911542330569,0.218911542330569,-0.852906451039016
"190",190,0.814809624250396,0.54622783919971,0.757656354109976,0.563027558696885,0.0479222633655485,0.218911542330569,0.218911542330569,-0.889075072703066
"191",191,0.759583364792634,0.413622569013038,0.838748295727209,0.563027558696885,0.0479222633655485,0.218911542330569,0.218911542330569,-1.25950753484697
"192",192,0.552348894908093,0.436045888913097,0.99486004685228,0.563027558696885,0.0479222633655485,0.218911542330569,0.218911542330569,-1.97263462473488
"193",193,0.441597791402717,0.180591146976571,0.775773251684537,0.563027558696885,0.0479222633655485,0.218911542330569,0.218911542330569,-0.971834060108141
"194",194,0.970755366660422,0.209513052262482,0.282630218435695,0.563027558696885,0.0479222633655485,0.218911542330569,0.218911542330569,1.28087051635575
"195",195,0.699084848335595,0.0738086326802149,0.43657879692171,0.563027558696885,0.0479222633655485,0.218911542330569,0.218911542330569,0.577624918398456
"196",196,0.594145682828501,0.740997367971577,0.721569648116374,0.563027558696885,0.0479222633655485,0.218911542330569,0.218911542330569,-0.724229009268416
"197",197,0.697318698500283,0.751183340987423,0.623284181419942,0.563027558696885,0.0479222633655485,0.218911542330569,0.218911542330569,-0.275255576209253
"198",198,0.0408074261890724,0.0556071264611091,0.408101342356196,0.563027558696885,0.0479222633655485,0.218911542330569,0.218911542330569,0.707711501601599
"199",199,0.255310905085411,0.82268067239027,0.413545029245828,0.563027558696885,0.0479222633655485,0.218911542330569,0.218911542330569,0.682844439629089
"200",200,0.127380641835742,0.641308972764295,0.391649090800023,0.563027558696885,0.0479222633655485,0.218911542330569,0.218911542330569,0.782866294176808
"201",201,0.65962190974527,0.557188265312463,0.934951513890944,0.563027558696885,0.0479222633655485,0.218911542330569,0.218911542330569,-1.69896914175696
"202",202,0.341562449550023,0.715493929452612,0.601396952082712,0.563027558696885,0.0479222633655485,0.218911542330569,0.218911542330569,-0.175273505349878
"203",203,0.836527636657353,0.954729448910919,0.218072041913923,0.563027558696885,0.0479222633655485,0.218911542330569,0.218911542330569,1.57577582758089
"204",204,0.719665666792775,0.887747243558289,0.38368075664558,0.563027558696885,0.0479222633655485,0.218911542330569,0.218911542330569,0.819266084108444
"205",205,0.232033789789421,0.0196171362773748,0.557246754625095,0.563027558696885,0.0479222633655485,0.218911542330569,0.218911542330569,0.0264070318551806
"206",206,0.398814744020579,0.935831129385275,0.408621727772016,0.563027558696885,0.0479222633655485,0.218911542330569,0.218911542330569,0.705334352318926
"207",207,0.679674884205917,0.37425429709116,0.897494262744196,0.563027558696885,0.0479222633655485,0.218911542330569,0.218911542330569,-1.52786235246676
"208",208,0.895699180433294,0.0705581415370107,0.157010177947047,0.563027558696885,0.0479222633655485,0.218911542330569,0.218911542330569,1.85470979020708
"209",209,0.706356550572556,0.474738283952465,0.923864097237323,0.563027558696885,0.0479222633655485,0.218911542330569,0.218911542330569,-1.64832121092799
"210",210,0.0606994241650682,0.963290586284129,0.418505610631046,0.563027558696885,0.0479222633655485,0.218911542330569,0.218911542330569,0.66018423024768
"211",211,0.37121707487572,0.734227975360351,0.616826910072491,0.563027558696885,0.0479222633655485,0.218911542330569,0.218911542330569,-0.245758404526546
"212",212,0.717126573851681,0.0119723691117251,0.325893749050501,0.563027558696885,0.0479222633655485,0.218911542330569,0.218911542330569,1.08324032219506
"213",213,0.925388382986421,0.51877035414183,0.605653895589282,0.563027558696885,0.0479222633655485,0.218911542330569,0.218911542330569,-0.194719458090651
"214",214,0.790648842091672,0.359574927057605,0.746359901717115,0.563027558696885,0.0479222633655485,0.218911542330569,0.218911542330569,-0.837472255087343
"215",215,0.196446580960648,0.237738616122282,0.567018096979446,0.563027558696885,0.0479222633655485,0.218911542330569,0.218911542330569,-0.0182289989832289
"216",216,0.517236647124169,0.589426792325219,0.928453191719426,0.563027558696885,0.0479222633655485,0.218911542330569,0.218911542330569,-1.66928444764565
"217",217,0.0133036778367823,0.923660103617469,0.417902411770952,0.563027558696885,0.0479222633655485,0.218911542330569,0.218911542330569,0.662939675911587
"218",218,0.266853279177565,0.884819039525464,0.388355841782448,0.563027558696885,0.0479222633655485,0.218911542330569,0.218911542330569,0.797910037336783
"219",219,0.401911906750873,0.5523820178241,0.846200935791291,0.563027558696885,0.0479222633655485,0.218911542330569,0.218911542330569,-1.29355160572939
"220",220,0.283324480706593,0.71799084413331,0.522585798127269,0.563027558696885,0.0479222633655485,0.218911542330569,0.218911542330569,0.184740192952214
"221",221,0.368871939584846,0.467467655508313,0.837042581371384,0.563027558696885,0.0479222633655485,0.218911542330569,0.218911542330569,-1.25171573758647
"222",222,0.782435053435271,0.587648104330059,0.766247858214157,0.563027558696885,0.0479222633655485,0.218911542330569,0.218911542330569,-0.92832153733766
"223",223,0.0400758360461332,0.160079413511208,0.394351003895966,0.563027558696885,0.0479222633655485,0.218911542330569,0.218911542330569,0.770523806123515
"224",224,0.580449058126542,0.0750925318306545,0.59983371577154,0.563027558696885,0.0479222633655485,0.218911542330569,0.218911542330569,-0.16813255565609
"225",225,0.367729679655051,0.158957857309724,0.729421668657676,0.563027558696885,0.0479222633655485,0.218911542330569,0.218911542330569,-0.760097472199644
"226",226,0.733137387948227,0.762336456088116,0.560715618718626,0.563027558696885,0.0479222633655485,0.218911542330569,0.218911542330569,0.010561069341734
"227",227,0.0448812828684459,0.890201192265027,0.383097252327795,0.563027558696885,0.0479222633655485,0.218911542330569,0.218911542330569,0.82193156401678
"228",228,0.622412788530812,0.872077868585126,0.485154866810804,0.563027558696885,0.0479222633655485,0.218911542330569,0.218911542330569,0.355726751805936
"229",229,0.524979809604003,0.943005491152289,0.418377905530614,0.563027558696885,0.0479222633655485,0.218911542330569,0.218911542330569,0.660767594190359
"230",230,0.987003452190547,0.215749307863764,0.276120816586272,0.563027558696885,0.0479222633655485,0.218911542330569,0.218911542330569,1.31060582304686
"231",231,0.0150916313626803,0.766273113070172,0.354998369436945,0.563027558696885,0.0479222633655485,0.218911542330569,0.218911542330569,0.950288810928955
"232",232,0.949472215453745,0.333497808232903,0.487903992636688,0.563027558696885,0.0479222633655485,0.218911542330569,0.218911542330569,0.343168593398132
"233",233,0.929030644645914,0.705857787931222,0.369460470172849,0.563027558696885,0.0479222633655485,0.218911542330569,0.218911542330569,0.884225137072666
"234",234,0.636219347865903,0.35892080892087,0.918595118306285,0.563027558696885,0.0479222633655485,0.218911542330569,0.218911542330569,-1.62425222454681
"235",235,0.724249468510272,0.940679756930331,0.324534843480131,0.563027558696885,0.0479222633655485,0.218911542330569,0.218911542330569,1.08944787779448
"236",236,0.984596941581112,0.545333267969312,0.501828630869168,0.563027558696885,0.0479222633655485,0.218911542330569,0.218911542330569,0.279560077902622
"237",237,0.190655908859335,0.763714665425126,0.394972361199702,0.563027558696885,0.0479222633655485,0.218911542330569,0.218911542330569,0.767685411687475
"238",238,0.0641308853437658,0.909607856244198,0.384709008563196,0.563027558696885,0.0479222633655485,0.218911542330569,0.218911542330569,0.814568972632872
"239",239,0.136100306822453,0.954168625678169,0.381856461220337,0.563027558696885,0.0479222633655485,0.218911542330569,0.218911542330569,0.8275995662347
"240",240,0.171439278018777,0.554944718731451,0.47321131704917,0.563027558696885,0.0479222633655485,0.218911542330569,0.218911542330569,0.410285545894548
"241",241,0.415633902521688,0.759682492552558,0.631444555986661,0.563027558696885,0.0479222633655485,0.218911542330569,0.218911542330569,-0.312532617336652
"242",242,0.977352003222331,0.728386158920708,0.265426434634655,0.563027558696885,0.0479222633655485,0.218911542330569,0.218911542330569,1.35945834967822
"243",243,0.438317290660925,0.0702228165100096,0.685316465976966,0.563027558696885,0.0479222633655485,0.218911542330569,0.218911542330569,-0.558622473617301
"244",244,0.741146106624976,0.483604696118273,0.88410744700877,0.563027558696885,0.0479222633655485,0.218911542330569,0.218911542330569,-1.46671063980279
"245",245,0.452319644367788,0.832663929588394,0.554700763783677,0.563027558696885,0.0479222633655485,0.218911542330569,0.218911542330569,0.0380372584495067
"246",246,0.478344030356151,0.876852761978516,0.501694106853221,0.563027558696885,0.0479222633655485,0.218911542330569,0.218911542330569,0.280174591027489
"247",247,0.0749933884992497,0.0713954840881051,0.430680580297404,0.563027558696885,0.0479222633655485,0.218911542330569,0.218911542330569,0.604568297269723
"248",248,0.213210893808282,0.790130141041009,0.39961056129066,0.563027558696885,0.0479222633655485,0.218911542330569,0.218911542330569,0.746497857840022
"249",249,0.0660439519459615,0.113821218136582,0.422654358981714,0.563027558696885,0.0479222633655485,0.218911542330569,0.218911542330569,0.641232518946851
"250",250,0.83525026617304,0.932098080967553,0.22731969286095,0.563027558696885,0.0479222633655485,0.218911542330569,0.218911542330569,1.5335320479767
"251",251,0.948539183109067,0.487263225472649,0.581564578237469,0.563027558696885,0.0479222633655485,0.218911542330569,0.218911542330569,-0.0846781277187842
"252",252,0.222397584897,0.119787909875973,0.581259965523186,0.563027558696885,0.0479222633655485,0.218911542330569,0.218911542330569,-0.0832866400382353
"253",253,0.846417169810622,0.161580185426865,0.355353408941788,0.563027558696885,0.0479222633655485,0.218911542330569,0.218911542330569,0.948666970887707
"254",254,0.128723630205612,0.978512368040741,0.396862403600231,0.563027558696885,0.0479222633655485,0.218911542330569,0.218911542330569,0.759051593751668
"255",255,0.539486084572971,0.350651122906245,0.945210796804583,0.563027558696885,0.0479222633655485,0.218911542330569,0.218911542330569,-1.74583411198382
"256",256,0.133507985477685,0.0424007896009134,0.474922207325073,0.563027558696885,0.0479222633655485,0.218911542330569,0.218911542330569,0.402470104745632
"257",257,0.703881630384596,0.830855778907891,0.480707981945843,0.563027558696885,0.0479222633655485,0.218911542330569,0.218911542330569,0.376040367148548
"258",258,0.758126896082889,0.0526802711130585,0.316713906338344,0.563027558696885,0.0479222633655485,0.218911542330569,0.218911542330569,1.12517435004223
"259",259,0.511235059388331,0.42366782896535,0.980550328185597,0.563027558696885,0.0479222633655485,0.218911542330569,0.218911542330569,-1.90726704057582
"260",260,0.454140542079811,0.246849785075639,0.836823941224479,0.563027558696885,0.0479222633655485,0.218911542330569,0.218911542330569,-1.25071697733574
"261",261,0.090866291121929,0.781406023853109,0.34857082218931,0.563027558696885,0.0479222633655485,0.218911542330569,0.218911542330569,0.979650201284193
"262",262,0.598447584472713,0.569002916289144,0.956563857010218,0.563027558696885,0.0479222633655485,0.218911542330569,0.218911542330569,-1.79769551721065
"263",263,0.863392248797463,0.798527101061889,0.321375908787097,0.563027558696885,0.0479222633655485,0.218911542330569,0.218911542330569,1.10387806571149
"264",264,0.328310015001218,0.305436045539565,0.764604386117606,0.563027558696885,0.0479222633655485,0.218911542330569,0.218911542330569,-0.920814066150648
"265",265,0.36913837370195,0.894381165142753,0.43414082777734,0.563027558696885,0.0479222633655485,0.218911542330569,0.218911542330569,0.58876169592245
"266",266,0.560830639493535,0.206454810953583,0.778641104344532,0.563027558696885,0.0479222633655485,0.218911542330569,0.218911542330569,-0.98493456924285
"267",267,0.945997019525385,0.911510944120004,0.113133260304191,0.563027558696885,0.0479222633655485,0.218911542330569,0.218911542330569,2.05514197014485
"268",268,0.395370616011671,0.963688570321538,0.385476667866751,0.563027558696885,0.0479222633655485,0.218911542330569,0.218911542330569,0.811062262591992
"269",269,0.145626524836873,0.708218019054271,0.3837001168561,0.563027558696885,0.0479222633655485,0.218911542330569,0.218911542330569,0.819177645598925
"270",270,0.459868756057695,0.675847119369195,0.787629281766202,0.563027558696885,0.0479222633655485,0.218911542330569,0.218911542330569,-1.02599305947128
"271",271,0.94187679705047,0.874062116464134,0.136780896046754,0.563027558696885,0.0479222633655485,0.218911542330569,0.218911542330569,1.94711826572614
"272",272,0.516445614481694,0.516638702431577,0.978073713706225,0.563027558696885,0.0479222633655485,0.218911542330569,0.218911542330569,-1.89595372902995
"273",273,0.351951368293376,0.664055645945366,0.671708812012762,0.563027558696885,0.0479222633655485,0.218911542330569,0.218911542330569,-0.496461959743365
"274",274,0.345029744775617,0.943688808742445,0.386981608200517,0.563027558696885,0.0479222633655485,0.218911542330569,0.218911542330569,0.804187612138461
"275",275,0.580680314814788,0.984846135257045,0.363110827855304,0.563027558696885,0.0479222633655485,0.218911542330569,0.218911542330569,0.913230653410204
"276",276,0.611132525035879,0.850620473625371,0.525414657979598,0.563027558696885,0.0479222633655485,0.218911542330569,0.218911542330569,0.171817805113672
"277",277,0.233593744780868,0.922678390021436,0.368144392868199,0.563027558696885,0.0479222633655485,0.218911542330569,0.218911542330569,0.890237050791964
"278",278,0.609030688713537,0.386967285327613,0.959109506354791,0.563027558696885,0.0479222633655485,0.218911542330569,0.218911542330569,-1.80932418382855
"279",279,0.888998593774158,0.31202242606401,0.5417543220099,0.563027558696885,0.0479222633655485,0.218911542330569,0.218911542330569,0.0971773185666985
"280",280,0.912813390506664,0.277841906700167,0.457904159100749,0.563027558696885,0.0479222633655485,0.218911542330569,0.218911542330569,0.480209487708938
"281",281,0.188063359362073,0.0757277062967187,0.533989074779952,0.563027558696885,0.0479222633655485,0.218911542330569,0.218911542330569,0.132649396225454
"282",282,0.077449484727229,0.538990421538241,0.368441067803242,0.563027558696885,0.0479222633655485,0.218911542330569,0.218911542330569,0.888881823324812
"283",283,0.12969851338747,0.231220153660746,0.475637660654924,0.563027558696885,0.0479222633655485,0.218911542330569,0.218911542330569,0.399201874472189
"284",284,0.634945245985175,0.0222257546687033,0.465691725998189,0.563027558696885,0.0479222633655485,0.218911542330569,0.218911542330569,0.444635452577979
"285",285,0.404631035181927,0.324142860385706,0.859593406020883,0.563027558696885,0.0479222633655485,0.218911542330569,0.218911542330569,-1.35472914843461
"286",286,0.616375166367856,0.18894528840261,0.710211655855637,0.563027558696885,0.0479222633655485,0.218911542330569,0.218911542330569,-0.672345074141844
"287",287,0.364324778669048,0.177967227143352,0.738852242915169,0.563027558696885,0.0479222633655485,0.218911542330569,0.218911542330569,-0.803176855575658
"288",288,0.346946085535572,0.845809675987577,0.466500594073668,0.563027558696885,0.0479222633655485,0.218911542330569,0.218911542330569,0.440940498593974
"289",289,0.458229032701696,0.118971204378875,0.72289718476484,0.563027558696885,0.0479222633655485,0.218911542330569,0.218911542330569,-0.730293269902336
"290",290,0.90043157157884,0.346004810365732,0.570778405914208,0.563027558696885,0.0479222633655485,0.218911542330569,0.218911542330569,-0.035406297606815
"291",291,0.909605345130665,0.861829110271181,0.186372427664951,0.563027558696885,0.0479222633655485,0.218911542330569,0.218911542330569,1.72058141394465
"292",292,0.933842001279001,0.540732523041079,0.579497816309811,0.563027558696885,0.0479222633655485,0.218911542330569,0.218911542330569,-0.0752370452356274
"293",293,0.0505273783346638,0.396961445955909,0.34956130910493,0.563027558696885,0.0479222633655485,0.218911542330569,0.218911542330569,0.975125602420766
"294",294,0.815909530720441,0.118421969829593,0.328579496567451,0.563027558696885,0.0479222633655485,0.218911542330569,0.218911542330569,1.07097167939827
"295",295,0.47676462538552,0.178317240968347,0.775730691148587,0.563027558696885,0.0479222633655485,0.218911542330569,0.218911542330569,-0.971639641232384
"296",296,0.717638459504233,0.921605774291093,0.347644767981523,0.563027558696885,0.0479222633655485,0.218911542330569,0.218911542330569,0.983880467984286
"297",297,0.135896944332751,0.919887545438367,0.368433687260834,0.563027558696885,0.0479222633655485,0.218911542330569,0.218911542330569,0.888915538049625
"298",298,0.429553556194878,0.29948786718701,0.865352254985929,0.563027558696885,0.0479222633655485,0.218911542330569,0.218911542330569,-1.38103588815119
"299",299,0.105034490435268,0.955682350764866,0.393383183512882,0.563027558696885,0.0479222633655485,0.218911542330569,0.218911542330569,0.774944863016087
"300",300,0.603831442294875,0.779556945904507,0.650255427480445,0.563027558696885,0.0479222633655485,0.218911542330569,0.218911542330569,-0.398461715882668
"301",301,0.430067395332968,0.528471370805521,0.897512149047771,0.563027558696885,0.0479222633655485,0.218911542330569,0.218911542330569,-1.52794405808806
"302",302,0.0391323055295507,0.61703552665899,0.343883142344133,0.563027558696885,0.0479222633655485,0.218911542330569,0.218911542330569,1.0010637813781
"303",303,0.795329828016227,0.686098129784688,0.605373631448711,0.563027558696885,0.0479222633655485,0.218911542330569,0.218911542330569,-0.193439196037827
"304",304,0.55801581796573,0.046248312710668,0.591879290228158,0.563027558696885,0.0479222633655485,0.218911542330569,0.218911542330569,-0.131796301026947
"305",305,0.324385078729829,0.402626241347403,0.775186156502156,0.563027558696885,0.0479222633655485,0.218911542330569,0.218911542330569,-0.969152176932267
"306",306,0.773631457703072,0.311470360933337,0.706622016085114,0.563027558696885,0.0479222633655485,0.218911542330569,0.218911542330569,-0.655947401674203
"307",307,0.73964622787945,0.975420531045413,0.289685805818417,0.563027558696885,0.0479222633655485,0.218911542330569,0.218911542330569,1.24864020402225
"308",308,0.565893841144047,0.953416620113072,0.399293310994941,0.563027558696885,0.0479222633655485,0.218911542330569,0.218911542330569,0.747947074689629
"309",309,0.464091207494494,0.449861202870496,0.954187850717795,0.563027558696885,0.0479222633655485,0.218911542330569,0.218911542330569,-1.78684178941207
"310",310,0.0657747256191215,0.257246424869401,0.392515915198714,0.563027558696885,0.0479222633655485,0.218911542330569,0.218911542330569,0.77890659251164
"311",311,0.343107715809601,0.322228000472882,0.789265390264093,0.563027558696885,0.0479222633655485,0.218911542330569,0.218911542330569,-1.03346689333345
"312",312,0.368250009700772,0.124844370502746,0.70854331260495,0.563027558696885,0.0479222633655485,0.218911542330569,0.218911542330569,-0.664723990150907
"313",313,0.271117433967418,0.522586832486559,0.650698083323581,0.563027558696885,0.0479222633655485,0.218911542330569,0.218911542330569,-0.400483792189945
"314",314,0.325978676418308,0.594350037587457,0.697232403565783,0.563027558696885,0.0479222633655485,0.218911542330569,0.218911542330569,-0.613055133777464
"315",315,0.274989211110398,0.553559009356424,0.64027230637899,0.563027558696885,0.0479222633655485,0.218911542330569,0.218911542330569,-0.352858268046282
"316",316,0.869652602856047,0.0251445210144157,0.128198422460624,0.563027558696885,0.0479222633655485,0.218911542330569,0.218911542330569,1.98632347845617
"317",317,0.716006623981288,0.493385790335713,0.912399472237784,0.563027558696885,0.0479222633655485,0.218911542330569,0.218911542330569,-1.59595017156897
"318",318,0.280792981649516,0.693685802541207,0.540796639923801,0.563027558696885,0.0479222633655485,0.218911542330569,0.218911542330569,0.101552063159438
"319",319,0.689620381624904,0.161370401942637,0.580414983656546,0.563027558696885,0.0479222633655485,0.218911542330569,0.218911542330569,-0.0794267162642568
"320",320,0.52696106673067,0.414443987118662,0.982868923962559,0.563027558696885,0.0479222633655485,0.218911542330569,0.218911542330569,-1.91785851397314
"321",321,0.199322969676577,0.663106936436263,0.456730685509411,0.563027558696885,0.0479222633655485,0.218911542330569,0.218911542330569,0.48556997980015
"322",322,0.641906599774491,0.208461278520292,0.71218507413831,0.563027558696885,0.0479222633655485,0.218911542330569,0.218911542330569,-0.681359757706099
"323",323,0.0870483171959641,0.435544758854434,0.386663374523974,0.563027558696885,0.0479222633655485,0.218911542330569,0.218911542330569,0.805641321125914
"324",324,0.559999875386944,0.723841910045128,0.758062095809283,0.563027558696885,0.0479222633655485,0.218911542330569,0.218911542330569,-0.890928523165236
"325",325,0.561437220767373,0.496488574003917,0.997655172739854,0.563027558696885,0.0479222633655485,0.218911542330569,0.218911542330569,-1.98540291396173
"326",326,0.372123978602816,0.569637868419755,0.790195087793162,0.563027558696885,0.0479222633655485,0.218911542330569,0.218911542330569,-1.03771380292612
"327",327,0.199559906044626,0.515879524400691,0.531351087878849,0.563027558696885,0.0479222633655485,0.218911542330569,0.218911542330569,0.144699865894703
"328",328,0.542094700846705,0.638777299354202,0.882407061519234,0.563027558696885,0.0479222633655485,0.218911542330569,0.218911542330569,-1.45894318509742
"329",329,0.965705523748067,0.265090378540102,0.372841323758975,0.563027558696885,0.0479222633655485,0.218911542330569,0.218911542330569,0.868781211411493
"330",330,0.676239776559407,0.611722702718107,0.866153081133462,0.563027558696885,0.0479222633655485,0.218911542330569,0.218911542330569,-1.38469410616476
"331",331,0.296434037746862,0.903238653334207,0.3925402705064,0.563027558696885,0.0479222633655485,0.218911542330569,0.218911542330569,0.77879533612275
"332",332,0.76471967129258,0.192832696338068,0.52510958920504,0.563027558696885,0.0479222633655485,0.218911542330569,0.218911542330569,0.173211376102712
"333",333,0.910017445499776,0.196412413899321,0.32998333182934,0.563027558696885,0.0479222633655485,0.218911542330569,0.218911542330569,1.06455888248978
"334",334,0.802803748190287,0.268681469483767,0.598340553525432,0.563027558696885,0.0479222633655485,0.218911542330569,0.218911542330569,-0.161311708156632
"335",335,0.74040141689172,0.0440905553235207,0.332050447867972,0.563027558696885,0.0479222633655485,0.218911542330569,0.218911542330569,1.05511618240816
"336",336,0.152731494057225,0.0983085750443861,0.502824084146302,0.563027558696885,0.0479222633655485,0.218911542330569,0.218911542330569,0.275012792425867
"337",337,0.149493177930242,0.63158882755239,0.415945018050194,0.563027558696885,0.0479222633655485,0.218911542330569,0.218911542330569,0.671881158393137
"338",338,0.486547835664591,0.910072503469186,0.458522491759649,0.563027558696885,0.0479222633655485,0.218911542330569,0.218911542330569,0.477384910017341
"339",339,0.663202102244482,0.0200358283425448,0.420500545653505,0.563027558696885,0.0479222633655485,0.218911542330569,0.218911542330569,0.651071257029271
"340",340,0.417426615827368,0.284780144355609,0.846767896991054,0.563027558696885,0.0479222633655485,0.218911542330569,0.218911542330569,-1.29614151576213
"341",341,0.841411606668378,0.13053796135739,0.312137575716851,0.563027558696885,0.0479222633655485,0.218911542330569,0.218911542330569,1.1460792807406
"342",342,0.0522108949695248,0.285894485100172,0.370441835819057,0.563027558696885,0.0479222633655485,0.218911542330569,0.218911542330569,0.87974220467102
"343",343,0.785918866332853,0.0898502091567498,0.328418507794806,0.563027558696885,0.0479222633655485,0.218911542330569,0.218911542330569,1.07170708499146
"344",344,0.722001676267479,0.367778941713739,0.845439007142063,0.563027558696885,0.0479222633655485,0.218911542330569,0.218911542330569,-1.29007107363357
"345",345,0.803209752073162,0.960539285161765,0.246250769523391,0.563027558696885,0.0479222633655485,0.218911542330569,0.218911542330569,1.44705384559003
"346",346,0.330100079624914,0.154630844289553,0.699873728012679,0.563027558696885,0.0479222633655485,0.218911542330569,0.218911542330569,-0.625120849539986
"347",347,0.592060129710007,0.680523149380228,0.821535005068539,0.563027558696885,0.0479222633655485,0.218911542330569,0.218911542330569,-1.18087627367447
"348",348,0.39469708584575,0.253938013235223,0.809281099039487,0.563027558696885,0.0479222633655485,0.218911542330569,0.218911542330569,-1.12489975503779
"349",349,0.118205146551481,0.17980699099577,0.467476747408611,0.563027558696885,0.0479222633655485,0.218911542330569,0.218911542330569,0.436481376317686
"350",350,0.322933075325564,0.937950370469945,0.384019700988811,0.563027558696885,0.0479222633655485,0.218911542330569,0.218911542330569,0.81771776765321
"351",351,0.58599589899648,0.704351012785453,0.785564067568399,0.563027558696885,0.0479222633655485,0.218911542330569,0.218911542330569,-1.01655904710347
"352",352,0.492918230659096,0.979750307176611,0.381128493039518,0.563027558696885,0.0479222633655485,0.218911542330569,0.218911542330569,0.830924965037654
"353",353,0.766431755237281,0.599374803968472,0.77519085897844,0.563027558696885,0.0479222633655485,0.218911542330569,0.218911542330569,-0.969173658103309
"354",354,0.899540713302675,0.800534450797364,0.267713182121587,0.563027558696885,0.0479222633655485,0.218911542330569,0.218911542330569,1.34901236102643
"355",355,0.390399607207044,0.622847348906915,0.769551238942196,0.563027558696885,0.0479222633655485,0.218911542330569,0.218911542330569,-0.943411562709875
"356",356,0.540414115689578,0.494880454723025,0.994273328818126,0.563027558696885,0.0479222633655485,0.218911542330569,0.218911542330569,-1.96995446439291
"357",357,0.558582344168332,0.988277634047554,0.365470004429839,0.563027558696885,0.0479222633655485,0.218911542330569,0.218911542330569,0.902453804691224
"358",358,0.1515645724528,0.58090705834981,0.437264250344273,0.563027558696885,0.0479222633655485,0.218911542330569,0.218911542330569,0.574493729356226
"359",359,0.874015734120505,0.0720311307162046,0.183938003297871,0.563027558696885,0.0479222633655485,0.218911542330569,0.218911542330569,1.73170199873046
"360",360,0.183781566061196,0.435135795457056,0.528823927580247,0.563027558696885,0.0479222633655485,0.218911542330569,0.218911542330569,0.156244073530799
"361",361,0.317564069580403,0.721167000025394,0.563970596995816,0.563027558696885,0.0479222633655485,0.218911542330569,0.218911542330569,-0.00430785096524011
"362",362,0.181064832294593,0.191641572683351,0.544346238882459,0.563027558696885,0.0479222633655485,0.218911542330569,0.218911542330569,0.0853372993289506
"363",363,0.170034837800427,0.73659132409282,0.39097677464681,0.563027558696885,0.0479222633655485,0.218911542330569,0.218911542330569,0.785937471448027
"364",364,0.667629078909522,0.582923895048094,0.90583245221475,0.563027558696885,0.0479222633655485,0.218911542330569,0.218911542330569,-1.56595166188272
"365",365,0.162342684756964,0.525616361837136,0.47046965247588,0.563027558696885,0.0479222633655485,0.218911542330569,0.218911542330569,0.422809620888958
"366",366,0.414194693693891,0.362241482842597,0.88655654608341,0.563027558696885,0.0479222633655485,0.218911542330569,0.218911542330569,-1.47789825946216
"367",367,0.0247504093146417,0.866936762638041,0.381338105069258,0.563027558696885,0.0479222633655485,0.218911542330569,0.218911542330569,0.829967445724107
"368",368,0.0901503457410727,0.98746755570604,0.420143681622293,0.563027558696885,0.0479222633655485,0.218911542330569,0.218911542330569,0.652701431607609
"369",369,0.608355465315515,0.713074560230016,0.762843696558898,0.563027558696885,0.0479222633655485,0.218911542330569,0.218911542330569,-0.91277113913107
"370",370,0.762212075624266,0.984466263185837,0.270270890779791,0.563027558696885,0.0479222633655485,0.218911542330569,0.218911542330569,1.3373286067987
"371",371,0.420967776434263,0.393649278038181,0.904037048082997,0.563027558696885,0.0479222633655485,0.218911542330569,0.218911542330569,-1.5577501567787
"372",372,0.383866334351595,0.40853961498104,0.862565564073273,0.563027558696885,0.0479222633655485,0.218911542330569,0.218911542330569,-1.36830613035501
"373",373,0.191266560144955,0.929730318371905,0.365439550661941,0.563027558696885,0.0479222633655485,0.218911542330569,0.218911542330569,0.902592919182739
"374",374,0.376200123370159,0.367244692657725,0.845069132724698,0.563027558696885,0.0479222633655485,0.218911542330569,0.218911542330569,-1.28838146689366
"375",375,0.737268335921573,0.722600498837535,0.624732356828634,0.563027558696885,0.0479222633655485,0.218911542330569,0.218911542330569,-0.281870921354029
"376",376,0.501639919390553,0.0664207536854083,0.659334347657659,0.563027558696885,0.0479222633655485,0.218911542330569,0.218911542330569,-0.439934724023575
"377",377,0.862739164153463,0.356905656256713,0.638523826962238,0.563027558696885,0.0479222633655485,0.218911542330569,0.218911542330569,-0.344871117628641
"378",378,0.320292910594493,0.625821429302916,0.661141147609014,0.563027558696885,0.0479222633655485,0.218911542330569,0.218911542330569,-0.448188285860102
"379",379,0.240150228854152,0.308956856177072,0.635896972069814,0.563027558696885,0.0479222633655485,0.218911542330569,0.218911542330569,-0.332871499589053
"380",380,0.407101586253615,0.725908202305203,0.668309513846902,0.563027558696885,0.0479222633655485,0.218911542330569,0.218911542330569,-0.480933778224609
"381",381,0.26647344967071,0.244278590863105,0.665162585626726,0.563027558696885,0.0479222633655485,0.218911542330569,0.218911542330569,-0.466558436537856
"382",382,0.0948105210921494,0.103938041239744,0.447429560666852,0.563027558696885,0.0479222633655485,0.218911542330569,0.218911542330569,0.528058031108626
"383",383,0.0362903345087543,0.295673432731535,0.352029258451961,0.563027558696885,0.0479222633655485,0.218911542330569,0.218911542330569,0.96385187367738
"384",384,0.252572949614842,0.69530829370406,0.501788609545839,0.563027558696885,0.0479222633655485,0.218911542330569,0.218911542330569,0.279742897515069
"385",385,0.516970127144945,0.564753136997344,0.94961190156846,0.563027558696885,0.0479222633655485,0.218911542330569,0.218911542330569,-1.76593860129956
"386",386,0.979287157476298,0.785543618661351,0.179669710109379,0.563027558696885,0.0479222633655485,0.218911542330569,0.218911542330569,1.75119979744427
"387",387,0.0652561401040293,0.131982440665248,0.4200478681113,0.563027558696885,0.0479222633655485,0.218911542330569,0.218911542330569,0.653139113010667
"388",388,0.194525149980444,0.630936936105252,0.468905136664383,0.563027558696885,0.0479222633655485,0.218911542330569,0.218911542330569,0.429956415410804
"389",389,0.617266345345764,0.982962428473169,0.352426521260342,0.563027558696885,0.0479222633655485,0.218911542330569,0.218911542330569,0.962037155256635
"390",390,0.178200251276256,0.368537623135257,0.530934055019172,0.563027558696885,0.0479222633655485,0.218911542330569,0.218911542330569,0.146604895000237
"391",391,0.0551825495365774,0.646946933556697,0.348311508595837,0.563027558696885,0.0479222633655485,0.218911542330569,0.218911542330569,0.980834760082292
"392",392,0.112477149672341,0.357653957696166,0.430748465918021,0.563027558696885,0.0479222633655485,0.218911542330569,0.218911542330569,0.604258192010337
"393",393,0.267927705480135,0.0111550227629486,0.583647838612783,0.563027558696885,0.0479222633655485,0.218911542330569,0.218911542330569,-0.0941945760208485
"394",394,0.273972048175521,0.62643499662797,0.587333984612141,0.563027558696885,0.0479222633655485,0.218911542330569,0.218911542330569,-0.11103309426486
"395",395,0.200450083758333,0.94550938450743,0.36735332053552,0.563027558696885,0.0479222633655485,0.218911542330569,0.218911542330569,0.893850712841289
"396",396,0.46834410566627,0.063911549059907,0.673172288479748,0.563027558696885,0.0479222633655485,0.218911542330569,0.218911542330569,-0.503147200966398
"397",397,0.988509048479493,0.116988009269699,0.13307999721533,0.563027558696885,0.0479222633655485,0.218911542330569,0.218911542330569,1.96402417572076
"398",398,0.842395449160016,0.220945110588917,0.461039462728322,0.563027558696885,0.0479222633655485,0.218911542330569,0.218911542330569,0.46588724780238
"399",399,0.407673424269655,0.204121491015423,0.782678599968608,0.563027558696885,0.0479222633655485,0.218911542330569,0.218911542330569,-1.00337807195217
"400",400,0.399173582295538,0.585899042950012,0.816411055430855,0.563027558696885,0.0479222633655485,0.218911542330569,0.218911542330569,-1.1574697891048
"401",401,0.94060113824287,0.720207255486399,0.329516810124751,0.563027558696885,0.0479222633655485,0.218911542330569,0.218911542330569,1.06668997936856
"402",402,0.574656683465349,0.349577651827945,0.939761084148803,0.563027558696885,0.0479222633655485,0.218911542330569,0.218911542330569,-1.72093952397918
"403",403,0.879574685790925,0.601497546555824,0.602155909640204,0.563027558696885,0.0479222633655485,0.218911542330569,0.218911542330569,-0.178740465334774
"404",404,0.615599658385851,0.155226484075771,0.66345814501844,0.563027558696885,0.0479222633655485,0.218911542330569,0.218911542330569,-0.458772457826363
"405",405,0.11423527229426,0.0671943158340873,0.462154230907441,0.563027558696885,0.0479222633655485,0.218911542330569,0.218911542330569,0.460794925272234
"406",406,0.282300591417705,0.270222978546983,0.692756499945878,0.563027558696885,0.0479222633655485,0.218911542330569,0.218911542330569,-0.592608959161663
"407",407,0.0751636994879227,0.611055585948634,0.360076802476699,0.563027558696885,0.0479222633655485,0.218911542330569,0.218911542330569,0.927090248689211
"408",408,0.793471599768265,0.8805479539074,0.311919011978112,0.563027558696885,0.0479222633655485,0.218911542330569,0.218911542330569,1.14707769195461
"409",409,0.06923181310168,0.171144625387969,0.417128270092105,0.563027558696885,0.0479222633655485,0.218911542330569,0.218911542330569,0.666475997800352
"410",410,0.137803354494157,0.808765116809984,0.356083303993821,0.563027558696885,0.0479222633655485,0.218911542330569,0.218911542330569,0.945332770030766
"411",411,0.564008392686839,0.705166330209468,0.788023707158982,0.563027558696885,0.0479222633655485,0.218911542330569,0.218911542330569,-1.02779481642105
"412",412,0.525226797985146,0.682200345882564,0.818348740946557,0.563027558696885,0.0479222633655485,0.218911542330569,0.218911542330569,-1.1663212434186
"413",413,0.41084557288175,0.422952390605933,0.897766097460877,0.563027558696885,0.0479222633655485,0.218911542330569,0.218911542330569,-1.52910410844631
"414",414,0.366608619311126,0.533413186263526,0.806185990568108,0.563027558696885,0.0479222633655485,0.218911542330569,0.218911542330569,-1.1107611288218
"415",415,0.418717590430868,0.0482086957033025,0.670146503650229,0.563027558696885,0.0479222633655485,0.218911542330569,0.218911542330569,-0.489325248970144
"416",416,0.967839956605108,0.517217809704016,0.543572312690382,0.563027558696885,0.0479222633655485,0.218911542330569,0.218911542330569,0.0888726368622652
"417",417,0.20707711365493,0.550278535660589,0.528795352157674,0.563027558696885,0.0479222633655485,0.218911542330569,0.218911542330569,0.156374607637264
"418",418,0.884497300116927,0.388199787743506,0.638858337593866,0.563027558696885,0.0479222633655485,0.218911542330569,0.218911542330569,-0.34639918064472
"419",419,0.726260737267905,0.420372941853711,0.884405359186067,0.563027558696885,0.0479222633655485,0.218911542330569,0.218911542330569,-1.4680715190608
"420",420,0.0377414551990805,0.234206410265993,0.371091640286978,0.563027558696885,0.0479222633655485,0.218911542330569,0.218911542330569,0.876773862019906
"421",421,0.417824525870616,0.558111070518265,0.863432397516502,0.563027558696885,0.0479222633655485,0.218911542330569,0.218911542330569,-1.37226587333613
"422",422,0.982751971735037,0.505463179644197,0.527390012567391,0.563027558696885,0.0479222633655485,0.218911542330569,0.218911542330569,0.162794276400827
"423",423,0.707765237177024,0.457804971348844,0.920234902864999,0.563027558696885,0.0479222633655485,0.218911542330569,0.218911542330569,-1.63174285085759
"424",424,0.729571338281967,0.0240735298835207,0.322138375566708,0.563027558696885,0.0479222633655485,0.218911542330569,0.218911542330569,1.1003950754064
"425",425,0.744303885718808,0.224124505931861,0.60724086989798,0.563027558696885,0.0479222633655485,0.218911542330569,0.218911542330569,-0.201968844266468
"426",426,0.696165553780738,0.507798930575722,0.929830818190565,0.563027558696885,0.0479222633655485,0.218911542330569,0.218911542330569,-1.67557752135237
"427",427,0.149999206113163,0.448179186214926,0.471578651439524,0.563027558696885,0.0479222633655485,0.218911542330569,0.218911542330569,0.417743652453318
"428",428,0.493116218803567,0.0386723676027032,0.639031956610662,0.563027558696885,0.0479222633655485,0.218911542330569,0.218911542330569,-0.347192281889851
"429",429,0.297312265770976,0.107757209777017,0.650116367358921,0.563027558696885,0.0479222633655485,0.218911542330569,0.218911542330569,-0.397826481577325
"430",430,0.113103295435314,0.266566021443228,0.448014403717375,0.563027558696885,0.0479222633655485,0.218911542330569,0.218911542330569,0.525386435795302
"431",431,0.392006082486012,0.187588110407232,0.762485449989584,0.563027558696885,0.0479222633655485,0.218911542330569,0.218911542330569,-0.911134649042425
"432",432,0.224975033795927,0.671498202170245,0.483413126867303,0.563027558696885,0.0479222633655485,0.218911542330569,0.218911542330569,0.363683115938033
"433",433,0.55379083719058,0.91503637325915,0.44991312866975,0.563027558696885,0.0479222633655485,0.218911542330569,0.218911542330569,0.516712955483753
"434",434,0.916129231447005,0.776491684564855,0.277867137122244,0.563027558696885,0.0479222633655485,0.218911542330569,0.218911542330569,1.3026285345157
"435",435,0.0845513256122358,0.927578685602988,0.386022249693912,0.563027558696885,0.0479222633655485,0.218911542330569,0.218911542330569,0.80857001471254
"436",436,0.634465520833619,0.583293946006568,0.928780208553023,0.563027558696885,0.0479222633655485,0.218911542330569,0.218911542330569,-1.67077827857898
"437",437,0.881946614114335,0.342102862240979,0.592510414355416,0.563027558696885,0.0479222633655485,0.218911542330569,0.218911542330569,-0.13467931085155
"438",438,0.942916719205561,0.0152809962229803,0.0446397005191203,0.563027558696885,0.0479222633655485,0.218911542330569,0.218911542330569,2.36802432918301
"439",439,0.871690859938506,0.72905046448682,0.417258629986321,0.563027558696885,0.0479222633655485,0.218911542330569,0.218911542330569,0.665880506613235
"440",440,0.647922248504125,0.0654229887344409,0.50108420857108,0.563027558696885,0.0479222633655485,0.218911542330569,0.218911542330569,0.282960640020831
"441",441,0.683270721296547,0.763272911859094,0.617123500038247,0.563027558696885,0.0479222633655485,0.218911542330569,0.218911542330569,-0.247113243849308
"442",442,0.147268171083299,0.297585981787648,0.491288877124749,0.563027558696885,0.0479222633655485,0.218911542330569,0.218911542330569,0.327706254354585
"443",443,0.53112067413819,0.0725557140875608,0.644558525488015,0.563027558696885,0.0479222633655485,0.218911542330569,0.218911542330569,-0.372437953353841
"444",444,0.597983023710665,0.491622152528842,0.995641524902328,0.563027558696885,0.0479222633655485,0.218911542330569,0.218911542330569,-1.97620445957194
"445",445,0.447561267875717,0.417023371093674,0.935760578972425,0.563027558696885,0.0479222633655485,0.218911542330569,0.218911542330569,-1.70266499567525
"446",446,0.891504507302656,0.659536905373679,0.500707043494219,0.563027558696885,0.0479222633655485,0.218911542330569,0.218911542330569,0.28468355089545
"447",447,0.112612596694147,0.982446400380926,0.406049548741553,0.563027558696885,0.0479222633655485,0.218911542330569,0.218911542330569,0.717084208005287
"448",448,0.167075136795989,0.0452671314621111,0.50591099121179,0.563027558696885,0.0479222633655485,0.218911542330569,0.218911542330569,0.260911630684351
"449",449,0.681714629190159,0.319231811889331,0.832038124585702,0.563027558696885,0.0479222633655485,0.218911542330569,0.218911542330569,-1.22885510295568
"450",450,0.854593188265804,0.240404829993029,0.476835948796828,0.563027558696885,0.0479222633655485,0.218911542330569,0.218911542330569,0.39372802814528
"451",451,0.912079696128843,0.315577297360171,0.514582883350825,0.563027558696885,0.0479222633655485,0.218911542330569,0.218911542330569,0.221297949072533
"452",452,0.981904303723015,0.852171523449593,0.104072054061572,0.563027558696885,0.0479222633655485,0.218911542330569,0.218911542330569,2.09653406005547
"453",453,0.0634800912489882,0.466048109429656,0.359131836338236,0.563027558696885,0.0479222633655485,0.218911542330569,0.218911542330569,0.931406906131769
"454",454,0.530827971798019,0.0929499406054383,0.666023425932237,0.563027558696885,0.0479222633655485,0.218911542330569,0.218911542330569,-0.47049080253531
"455",455,0.658154646617826,0.185735246777302,0.659006599377469,0.563027558696885,0.0479222633655485,0.218911542330569,0.218911542330569,-0.43843755180186
"456",456,0.655259108434198,0.898645496273763,0.425066159170832,0.563027558696885,0.0479222633655485,0.218911542330569,0.218911542330569,0.630215282653865
"457",457,0.0917761466676602,0.399365949166706,0.396555336571835,0.563027558696885,0.0479222633655485,0.218911542330569,0.218911542330569,0.760454292874459
"458",458,0.954393873853493,0.230667728317203,0.332850638556499,0.563027558696885,0.0479222633655485,0.218911542330569,0.218911542330569,1.05146086720638
"459",459,0.253357779123704,0.788096863167477,0.433821149680641,0.563027558696885,0.0479222633655485,0.218911542330569,0.218911542330569,0.590222003100846
"460",460,0.218661704535014,0.215309512660839,0.595815711188704,0.563027558696885,0.0479222633655485,0.218911542330569,0.218911542330569,-0.14977808909823
"461",461,0.728316823735018,0.701092213520547,0.673458551067191,0.563027558696885,0.0479222633655485,0.218911542330569,0.218911542330569,-0.504454864255393
"462",462,0.208013866129681,0.0122816743489821,0.533417465240439,0.563027558696885,0.0479222633655485,0.218911542330569,0.218911542330569,0.135260540130557
"463",463,0.784369377928786,0.166591420247336,0.452212891413074,0.563027558696885,0.0479222633655485,0.218911542330569,0.218911542330569,0.506207512422869
"464",464,0.231227678262978,0.974857414606842,0.368871911616863,0.563027558696885,0.0479222633655485,0.218911542330569,0.218911542330569,0.886913705019884
"465",465,0.139166079423274,0.724058281843667,0.374278001542852,0.563027558696885,0.0479222633655485,0.218911542330569,0.218911542330569,0.862218388051053
"466",466,0.625379907566821,0.401698809448862,0.961369603466364,0.563027558696885,0.0479222633655485,0.218911542330569,0.218911542330569,-1.81964843209573
"467",467,0.10066755293461,0.0523960809537675,0.449037119066847,0.563027558696885,0.0479222633655485,0.218911542330569,0.218911542330569,0.520714615668396
"468",468,0.478810030954308,0.534992627857951,0.943842607586146,0.563027558696885,0.0479222633655485,0.218911542330569,0.218911542330569,-1.73958414816798
"469",469,0.107793779339758,0.376997593505075,0.421122423944376,0.563027558696885,0.0479222633655485,0.218911542330569,0.218911542330569,0.648230482695262
"470",470,0.0127791449271608,0.831305923295557,0.372776738655821,0.563027558696885,0.0479222633655485,0.218911542330569,0.218911542330569,0.869076239725059
"471",471,0.0559699065362802,0.774215755569399,0.348094134207931,0.563027558696885,0.0479222633655485,0.218911542330569,0.218911542330569,0.981827738276094
"472",472,0.432670529418509,0.488840296644135,0.917085944177922,0.563027558696885,0.0479222633655485,0.218911542330569,0.218911542330569,-1.61735823388603
"473",473,0.652007680065581,0.145193048487185,0.605844642259837,0.563027558696885,0.0479222633655485,0.218911542330569,0.218911542330569,-0.195590799402874
"474",474,0.356166692707106,0.479734277429292,0.814011610579795,0.563027558696885,0.0479222633655485,0.218911542330569,0.218911542330569,-1.14650899267755
"475",475,0.763973936973489,0.256691776602645,0.634031719349281,0.563027558696885,0.0479222633655485,0.218911542330569,0.218911542330569,-0.324350922278806
"476",476,0.165749549532891,0.214588989462238,0.524681978145936,0.563027558696885,0.0479222633655485,0.218911542330569,0.218911542330569,0.175164727006697
"477",477,0.180882279401296,0.11249254335335,0.534736002063178,0.563027558696885,0.0479222633655485,0.218911542330569,0.218911542330569,0.129237391196967
"478",478,0.974661232698127,0.891233725146158,0.0875388637983964,0.563027558696885,0.0479222633655485,0.218911542330569,0.218911542330569,2.17205858510865
"479",479,0.731265724699711,0.133643879867275,0.477072717550891,0.563027558696885,0.0479222633655485,0.218911542330569,0.218911542330569,0.392646455417126
"480",480,0.753978706483962,0.879590950587648,0.357701543747883,0.563027558696885,0.0479222633655485,0.218911542330569,0.218911542330569,0.937940561575999
"481",481,0.557980394436861,0.100536564988783,0.651922119629926,0.563027558696885,0.0479222633655485,0.218911542330569,0.218911542330569,-0.406075257552226
"482",482,0.518751614086679,0.381162776536192,0.964091085030264,0.563027558696885,0.0479222633655485,0.218911542330569,0.218911542330569,-1.83208030999
"483",483,0.792133445811574,0.531656789817149,0.800529039762632,0.563027558696885,0.0479222633655485,0.218911542330569,0.218911542330569,-1.08491986551859
"484",484,0.893059856595122,0.440796019366244,0.65962960496021,0.563027558696885,0.0479222633655485,0.218911542330569,0.218911542330569,-0.44128347566731
"485",485,0.654333499145228,0.258175294784247,0.773726877228531,0.563027558696885,0.0479222633655485,0.218911542330569,0.218911542330569,-0.962486108720014
"486",486,0.551499798053526,0.825799703678465,0.586942364923291,0.563027558696885,0.0479222633655485,0.218911542330569,0.218911542330569,-0.109244153925393
"487",487,0.223005708367215,0.0855141420805594,0.571839105990133,0.563027558696885,0.0479222633655485,0.218911542330569,0.218911542330569,-0.0402516340593043
"488",488,0.668903389616637,0.742001303988276,0.668975527918185,0.563027558696885,0.0479222633655485,0.218911542330569,0.218911542330569,-0.483976167237964
"489",489,0.528604117401992,0.182556886073202,0.766604557220278,0.563027558696885,0.0479222633655485,0.218911542330569,0.218911542330569,-0.929950958072279
"490",490,0.0221146476219874,0.463422786891111,0.325788068036099,0.563027558696885,0.0479222633655485,0.218911542330569,0.218911542330569,1.08372307889796
"491",491,0.289728621717775,0.458179709356045,0.708775806012244,0.563027558696885,0.0479222633655485,0.218911542330569,0.218911542330569,-0.665786032859203
"492",492,0.590746674162685,0.184143996618572,0.72747867013011,0.563027558696885,0.0479222633655485,0.218911542330569,0.218911542330569,-0.751221747754599
"493",493,0.85942405659426,0.866492565848981,0.245639397893154,0.563027558696885,0.0479222633655485,0.218911542330569,0.218911542330569,1.44984662491874
"494",494,0.614831115636276,0.67699929065106,0.817975613548119,0.563027558696885,0.0479222633655485,0.218911542330569,0.218911542330569,-1.16461677688172
"495",495,0.391571875856491,0.807137093619676,0.546836550186524,0.563027558696885,0.0479222633655485,0.218911542330569,0.218911542330569,0.0739614199324021
"496",496,0.697915023085778,0.800235804779921,0.537372096353919,0.563027558696885,0.0479222633655485,0.218911542330569,0.218911542330569,0.117195567076243
"497",497,0.700565933048259,0.711130503676366,0.689724697024994,0.563027558696885,0.0479222633655485,0.218911542330569,0.218911542330569,-0.578759516192111
"498",498,0.510665356872836,0.245765898820362,0.842437645160893,0.563027558696885,0.0479222633655485,0.218911542330569,0.218911542330569,-1.27636068655568
"499",499,0.691685045625665,0.296654200196615,0.789908731029246,0.563027558696885,0.0479222633655485,0.218911542330569,0.218911542330569,-1.0364057094338
"500",500,0.195867061522091,0.27552648371493,0.566523341255076,0.563027558696885,0.0479222633655485,0.218911542330569,0.218911542330569,-0.0159689275447711
"501",501,0.251701023270376,0.403252745198435,0.652632069400426,0.563027558696885,0.0479222633655485,0.218911542330569,0.218911542330569,-0.409318347262992
"502",502,0.829775442782091,0.803034852657118,0.362432025377266,0.563027558696885,0.0479222633655485,0.218911542330569,0.218911542330569,0.916331460570993
"503",503,0.425348960729083,0.65462876529037,0.779159005323485,0.563027558696885,0.0479222633655485,0.218911542330569,0.218911542330569,-0.98730036948088
"504",504,0.359785145180649,0.0321294004227966,0.649042352731643,0.563027558696885,0.0479222633655485,0.218911542330569,0.218911542330569,-0.392920323519857
"505",505,0.816397504900582,0.222592246655375,0.501005263992961,0.563027558696885,0.0479222633655485,0.218911542330569,0.218911542330569,0.283321263208072
"506",506,0.679133413951611,0.203488989760983,0.660754075401979,0.563027558696885,0.0479222633655485,0.218911542330569,0.218911542330569,-0.446420118668395
"507",507,0.276269348576898,0.822351149257855,0.429917729840851,0.563027558696885,0.0479222633655485,0.218911542330569,0.218911542330569,0.608053040232253
"508",508,0.797198230036069,0.977451192884822,0.246425545722891,0.563027558696885,0.0479222633655485,0.218911542330569,0.218911542330569,1.44625545827048
"509",509,0.304657609326299,0.947721145453281,0.375388803246533,0.563027558696885,0.0479222633655485,0.218911542330569,0.218911542330569,0.857144184599489
"510",510,0.924647979786852,0.494461454034434,0.615650367379888,0.563027558696885,0.0479222633655485,0.218911542330569,0.218911542330569,-0.240383892611471
"511",511,0.191938188406173,0.692079252998461,0.432079827727134,0.563027558696885,0.0479222633655485,0.218911542330569,0.218911542330569,0.598176457831595
"512",512,0.159783786776243,0.78940612726484,0.367407248838402,0.563027558696885,0.0479222633655485,0.218911542330569,0.218911542330569,0.893604365379168
"513",513,0.381630231856252,0.304130914920359,0.82666805637336,0.563027558696885,0.0479222633655485,0.218911542330569,0.218911542330569,-1.20432433516166
"514",514,0.83068444088113,0.0263293595825089,0.17782217652033,0.563027558696885,0.0479222633655485,0.218911542330569,0.218911542330569,1.75963943278456
"515",515,0.351254634519923,0.700250206869678,0.6311982364761,0.563027558696885,0.0479222633655485,0.218911542330569,0.218911542330569,-0.311407416226017
"516",516,0.393124683296308,0.0173544077539118,0.647857845475317,0.563027558696885,0.0479222633655485,0.218911542330569,0.218911542330569,-0.387509429038389
"517",517,0.316841127492487,0.386404094910948,0.762976775623226,0.563027558696885,0.0479222633655485,0.218911542330569,0.218911542330569,-0.913379051637241
"518",518,0.751386250154115,0.437737742427853,0.862674449544454,0.563027558696885,0.0479222633655485,0.218911542330569,0.218911542330569,-1.36880352519323
"519",519,0.455236045208294,0.279998488878715,0.865368761852967,0.563027558696885,0.0479222633655485,0.218911542330569,0.218911542330569,-1.3811112924303
"520",520,0.781242934062728,0.239675617648405,0.580921936339035,0.563027558696885,0.0479222633655485,0.218911542330569,0.218911542330569,-0.0817425040801568
"521",521,0.402980749723967,0.879110874496284,0.46779783782894,0.563027558696885,0.0479222633655485,0.218911542330569,0.218911542330569,0.435014617567048
"522",522,0.917289348797058,0.94654992365127,0.138641598408057,0.563027558696885,0.0479222633655485,0.218911542330569,0.218911542330569,1.93861847470784
"523",523,0.190158098012558,0.483353544879938,0.527051878332979,0.563027558696885,0.0479222633655485,0.218911542330569,0.218911542330569,0.164338892234292
"524",524,0.554180847803713,0.293580532590975,0.887321181589318,0.563027558696885,0.0479222633655485,0.218911542330569,0.218911542330569,-1.4813911566286
"525",525,0.234889017899055,0.265654611958773,0.624407708490429,0.563027558696885,0.0479222633655485,0.218911542330569,0.218911542330569,-0.280387909838287
"526",526,0.680824709127075,0.883223538042628,0.425636928535862,0.563027558696885,0.0479222633655485,0.218911542330569,0.218911542330569,0.627607976712143
"527",527,0.701063504945603,0.262669149027672,0.727526603725103,0.563027558696885,0.0479222633655485,0.218911542330569,0.218911542330569,-0.751440711060429
"528",528,0.382325305304141,0.0880006608394906,0.691254212191017,0.563027558696885,0.0479222633655485,0.218911542330569,0.218911542330569,-0.585746425834881
"529",529,0.430926835755119,0.469270454923739,0.919495182335217,0.563027558696885,0.0479222633655485,0.218911542330569,0.218911542330569,-1.62836376667634
"530",530,0.921155797343352,0.427380176255247,0.612044041794551,0.563027558696885,0.0479222633655485,0.218911542330569,0.218911542330569,-0.223909998421409
"531",531,0.927397541242652,0.851509367780061,0.172805204750136,0.563027558696885,0.0479222633655485,0.218911542330569,0.218911542330569,1.7825572365549
"532",532,0.310370441863895,0.251407990061562,0.723350641622092,0.563027558696885,0.0479222633655485,0.218911542330569,0.218911542330569,-0.732364685837853
"533",533,0.0267792813121341,0.198576468946063,0.373074775695485,0.563027558696885,0.0479222633655485,0.218911542330569,0.218911542330569,0.867714790088868
"534",534,0.347637211074471,0.431944836418144,0.810325220081767,0.563027558696885,0.0479222633655485,0.218911542330569,0.218911542330569,-1.12966935755013
"535",535,0.204680970484158,0.904712490636157,0.364969238776936,0.563027558696885,0.0479222633655485,0.218911542330569,0.218911542330569,0.904741329814714
"536",536,0.741567649131524,0.778815864491509,0.521610624297466,0.563027558696885,0.0479222633655485,0.218911542330569,0.218911542330569,0.189194840794996
"537",537,0.189519534807187,0.150383995421696,0.550658333317727,0.563027558696885,0.0479222633655485,0.218911542330569,0.218911542330569,0.0565033037887049
"538",538,0.776141183689004,0.773664115054649,0.483890588060399,0.563027558696885,0.0479222633655485,0.218911542330569,0.218911542330569,0.36150204687236
"539",539,0.3567377257318,0.146284615119919,0.714793049962781,0.563027558696885,0.0479222633655485,0.218911542330569,0.218911542330569,-0.693273135121954
"540",540,0.901884002146311,0.126604120389791,0.229626295703396,0.563027558696885,0.0479222633655485,0.218911542330569,0.218911542330569,1.52299535896574
"541",541,0.902941142055788,0.0869770280871307,0.171335189657282,0.563027558696885,0.0479222633655485,0.218911542330569,0.218911542330569,1.78927234658155
"542",542,0.306516357089626,0.0268544091365766,0.618638188156257,0.563027558696885,0.0479222633655485,0.218911542330569,0.218911542330569,-0.25403242271893
"543",543,0.514937996254186,0.301502187253558,0.899721465370899,0.563027558696885,0.0479222633655485,0.218911542330569,0.218911542330569,-1.53803633691268
"544",544,0.0639161260093097,0.328265444526216,0.373638560992368,0.563027558696885,0.0479222633655485,0.218911542330569,0.218911542330569,0.865139387755666
"545",545,0.508639118153602,0.864541642454802,0.525263227463733,0.563027558696885,0.0479222633655485,0.218911542330569,0.218911542330569,0.172509548062686
"546",546,0.471539617903647,0.469626151926932,0.959677102054216,0.563027558696885,0.0479222633655485,0.218911542330569,0.218911542330569,-1.81191699229074
"547",547,0.0493430557282409,0.446267227279721,0.346345518887487,0.563027558696885,0.0479222633655485,0.218911542330569,0.218911542330569,0.989815509509296
"548",548,0.813192387049436,0.316675003055017,0.657912484121204,0.563027558696885,0.0479222633655485,0.218911542330569,0.218911542330569,-0.433439572962476
"549",549,0.827311254365602,0.434180996673414,0.755481909693308,0.563027558696885,0.0479222633655485,0.218911542330569,0.218911542330569,-0.879142090670604
"550",550,0.231902384796762,0.521699029011186,0.583004087466187,0.563027558696885,0.0479222633655485,0.218911542330569,0.218911542330569,-0.0912538852754338
"551",551,0.524431257401244,0.829225561123109,0.582031446867477,0.563027558696885,0.0479222633655485,0.218911542330569,0.218911542330569,-0.086810809372011
"552",552,0.958079953190521,0.791204802448279,0.200008564067827,0.563027558696885,0.0479222633655485,0.218911542330569,0.218911542330569,1.65829079071984
"553",553,0.022618924302049,0.796888279894483,0.35895149850379,0.563027558696885,0.0479222633655485,0.218911542330569,0.218911542330569,0.932230699306519
"554",554,0.978629358617589,0.30977643261489,0.421013880650794,0.563027558696885,0.0479222633655485,0.218911542330569,0.218911542330569,0.648726314447332
"555",555,0.824780791670084,0.355286128165782,0.692272614182393,0.563027558696885,0.0479222633655485,0.218911542330569,0.218911542330569,-0.59039854230409
"556",556,0.528233446119586,0.274249813631992,0.871235977745126,0.563027558696885,0.0479222633655485,0.218911542330569,0.218911542330569,-1.40791305824719
"557",557,0.448758653097204,0.331393500575796,0.899557355931622,0.563027558696885,0.0479222633655485,0.218911542330569,0.218911542330569,-1.53728667594218
"558",558,0.797512607990415,0.205359212185955,0.49878502649759,0.563027558696885,0.0479222633655485,0.218911542330569,0.218911542330569,0.293463430549885
"559",559,0.70036358272424,0.192456355290255,0.615378121496105,0.563027558696885,0.0479222633655485,0.218911542330569,0.218911542330569,-0.239140258397922
"560",560,0.640311197919771,0.437011240299442,0.971239979270986,0.563027558696885,0.0479222633655485,0.218911542330569,0.218911542330569,-1.86473685319743
"561",561,0.790383480580174,0.42469597246137,0.803829998598718,0.563027558696885,0.0479222633655485,0.218911542330569,0.218911542330569,-1.09999882755477
"562",562,0.397332762906211,0.526223980284063,0.85591648076427,0.563027558696885,0.0479222633655485,0.218911542330569,0.218911542330569,-1.33793275105205
"563",563,0.453305537640699,0.502115816016914,0.935246089331041,0.563027558696885,0.0479222633655485,0.218911542330569,0.218911542330569,-1.70031477861539
"564",564,0.487667752349749,0.648025900521665,0.845535108814668,0.563027558696885,0.0479222633655485,0.218911542330569,0.218911542330569,-1.29051007137477
"565",565,0.666226163410698,0.409910193735268,0.938367424839139,0.563027558696885,0.0479222633655485,0.218911542330569,0.218911542330569,-1.71457321138174
"566",566,0.725826119248639,0.0692951594043989,0.389344341756684,0.563027558696885,0.0479222633655485,0.218911542330569,0.218911542330569,0.793394514931193
"567",567,0.586901359480689,0.315477754291845,0.900189454358564,0.563027558696885,0.0479222633655485,0.218911542330569,0.218911542330569,-1.54017413642148
"568",568,0.648324710285175,0.345774158751592,0.895531905308266,0.563027558696885,0.0479222633655485,0.218911542330569,0.218911542330569,-1.51889819546052
"569",569,0.0702231230062898,0.362641707099741,0.375017565680955,0.563027558696885,0.0479222633655485,0.218911542330569,0.218911542330569,0.85884001827562
"570",570,0.293409051767667,0.190935357848997,0.68129711816847,0.563027558696885,0.0479222633655485,0.218911542330569,0.218911542330569,-0.540261871130537
"571",571,0.941213246965199,0.261128430816112,0.395773794579906,0.563027558696885,0.0479222633655485,0.218911542330569,0.218911542330569,0.764024419801566
"572",572,0.765545894537354,0.470082714868477,0.852694131660299,0.563027558696885,0.0479222633655485,0.218911542330569,0.218911542330569,-1.32321288260808
"573",573,0.982063429027563,0.0185176258130232,0.0204166272149429,0.563027558696885,0.0479222633655485,0.218911542330569,0.218911542330569,2.47867666412294
"574",574,0.840261729361373,0.049512836398324,0.195597241692018,0.563027558696885,0.0479222633655485,0.218911542330569,0.218911542330569,1.67844195465046
"575",575,0.839604431367246,0.186598461187677,0.4065472551455,0.563027558696885,0.0479222633655485,0.218911542330569,0.218911542330569,0.71481065769977
"576",576,0.0709866220982512,0.38712609853805,0.372658760717188,0.563027558696885,0.0479222633655485,0.218911542330569,0.218911542330569,0.869615169456114
"577",577,0.85042492862558,0.521389817866613,0.719266029225927,0.563027558696885,0.0479222633655485,0.218911542330569,0.218911542330569,-0.713705951114779
"578",578,0.521560965169687,0.05496318693785,0.634431421878756,0.563027558696885,0.0479222633655485,0.218911542330569,0.218911542330569,-0.326176785480078
"579",579,0.589305962096318,0.814517743345583,0.596139898303016,0.563027558696885,0.0479222633655485,0.218911542330569,0.218911542330569,-0.151258993717788
"580",580,0.987861966895871,0.33766422144766,0.444498692335148,0.563027558696885,0.0479222633655485,0.218911542330569,0.218911542330569,0.541446399307496
"581",581,0.765258841172326,0.54424153836153,0.829833557598312,0.563027558696885,0.0479222633655485,0.218911542330569,0.218911542330569,-1.21878451935867
"582",582,0.441126153663732,0.231528759279405,0.819115997293139,0.563027558696885,0.0479222633655485,0.218911542330569,0.218911542330569,-1.1698261127298
"583",583,0.469485862159287,0.207279554110486,0.8036830798087,0.563027558696885,0.0479222633655485,0.218911542330569,0.218911542330569,-1.09932769441828
"584",584,0.68704648698098,0.642664007782936,0.814251767941796,0.563027558696885,0.0479222633655485,0.218911542330569,0.218911542330569,-1.14760604475367
"585",585,0.215197195290588,0.287382955988986,0.596120310297645,0.563027558696885,0.0479222633655485,0.218911542330569,0.218911542330569,-0.151169514628827
"586",586,0.849309597616782,0.31814211553114,0.607555829985837,0.563027558696885,0.0479222633655485,0.218911542330569,0.218911542330569,-0.203407599320239
"587",587,0.216016269211657,0.136201368297334,0.578397644904902,0.563027558696885,0.0479222633655485,0.218911542330569,0.218911542330569,-0.0702114015751953
"588",588,0.0869747306583449,0.460359442304587,0.384288067942416,0.563027558696885,0.0479222633655485,0.218911542330569,0.218911542330569,0.816491852606667
"589",589,0.264801078690565,0.0429579429602018,0.594637283424669,0.563027558696885,0.0479222633655485,0.218911542330569,0.218911542330569,-0.144394966072878
"590",590,0.85413133259106,0.41614780163602,0.705615318479842,0.563027558696885,0.0479222633655485,0.218911542330569,0.218911542330569,-0.651348751486303
"591",591,0.22783110581548,0.693435106441146,0.472064575094369,0.563027558696885,0.0479222633655485,0.218911542330569,0.218911542330569,0.415523926395606
"592",592,0.519213888358558,0.626705216456554,0.889616634086319,0.563027558696885,0.0479222633655485,0.218911542330569,0.218911542330569,-1.49187691024654
"593",593,0.115075358699658,0.428135642115725,0.423836864334232,0.563027558696885,0.0479222633655485,0.218911542330569,0.218911542330569,0.635830769272399
"594",594,0.5156227693822,0.983211771893199,0.376648106543157,0.563027558696885,0.0479222633655485,0.218911542330569,0.218911542330569,0.85139161768037
"595",595,0.774717940963688,0.856803306155256,0.361639016586368,0.563027558696885,0.0479222633655485,0.218911542330569,0.218911542330569,0.919953968468272
"596",596,0.281485992371337,0.64370043968258,0.584961897995083,0.563027558696885,0.0479222633655485,0.218911542330569,0.218911542330569,-0.100197271759549
"597",597,0.798735330482596,0.0414063379425788,0.241401588703796,0.563027558696885,0.0479222633655485,0.218911542330569,0.218911542330569,1.46920517104308
"598",598,0.00969653426029254,0.160852995434892,0.37297836922138,0.563027558696885,0.0479222633655485,0.218911542330569,0.218911542330569,0.868155180180129
"599",599,0.746046332260477,0.80237585155759,0.476785828955579,0.563027558696885,0.0479222633655485,0.218911542330569,0.218911542330569,0.393956978344596
"600",600,0.0111310669881059,0.228842173554935,0.351179553131993,0.563027558696885,0.0479222633655485,0.218911542330569,0.218911542330569,0.967733374446695
"601",601,0.768269432120607,0.703695522191585,0.614990521884445,0.563027558696885,0.0479222633655485,0.218911542330569,0.218911542330569,-0.237369681992798
"602",602,0.566689955313806,0.331509921599296,0.924412620651564,0.563027558696885,0.0479222633655485,0.218911542330569,0.218911542330569,-1.65082689613948
"603",603,0.415144955543568,0.616699713612441,0.808682310362324,0.563027558696885,0.0479222633655485,0.218911542330569,0.218911542330569,-1.12216445533277
"604",604,0.254808588488842,0.489221909826971,0.636615017794083,0.563027558696885,0.0479222633655485,0.218911542330569,0.218911542330569,-0.336151572063188
"605",605,0.294015395062859,0.881258225555881,0.403590067339241,0.563027558696885,0.0479222633655485,0.218911542330569,0.218911542330569,0.728319254710125
"606",606,0.295233148767147,0.592355200326885,0.648110575950043,0.563027558696885,0.0479222633655485,0.218911542330569,0.218911542330569,-0.388663915786942
"607",607,0.83258840298187,0.983678446895792,0.217648389301,0.563027558696885,0.0479222633655485,0.218911542330569,0.218911542330569,1.57771109608438
"608",608,0.495314580565551,0.40364419025695,0.966130429275108,0.563027558696885,0.0479222633655485,0.218911542330569,0.218911542330569,-1.84139614698577
"609",609,0.923382322517456,0.121465700436151,0.198226326956162,0.563027558696885,0.0479222633655485,0.218911542330569,0.218911542330569,1.66643214814983
"610",610,0.951593570172438,0.408276469160803,0.55732753910257,0.563027558696885,0.0479222633655485,0.218911542330569,0.218911542330569,0.0260380039061971
"611",611,0.539816225431277,0.970666339057032,0.385972252024478,0.563027558696885,0.0479222633655485,0.218911542330569,0.218911542330569,0.808798406824266
"612",612,0.205371491118218,0.453921215691487,0.561110030073982,0.563027558696885,0.0479222633655485,0.218911542330569,0.218911542330569,0.00875937651568635
"613",613,0.888040761983022,0.853691011954797,0.221386107417837,0.563027558696885,0.0479222633655485,0.218911542330569,0.218911542330569,1.56063699356313
"614",614,0.228280525889248,0.877045237283804,0.375106552641894,0.563027558696885,0.0479222633655485,0.218911542330569,0.218911542330569,0.858433520929744
"615",615,0.485044924806338,0.264374349559424,0.860513937534619,0.563027558696885,0.0479222633655485,0.218911542330569,0.218911542330569,-1.35893418716366
"616",616,0.24987236282567,0.897905540396343,0.376958754602453,0.563027558696885,0.0479222633655485,0.218911542330569,0.218911542330569,0.849972560210907
"617",617,0.675371535743237,0.543358998721582,0.93203978988958,0.563027558696885,0.0479222633655485,0.218911542330569,0.218911542330569,-1.68566822591504
"618",618,0.273091895797523,0.916940463684732,0.378327643961934,0.563027558696885,0.0479222633655485,0.218911542330569,0.218911542330569,0.843719398112154
"619",619,0.0561230947870063,0.0961792483023601,0.416474084921953,0.563027558696885,0.0479222633655485,0.218911542330569,0.218911542330569,0.669464351740887
"620",620,0.776875467799371,0.814164256214863,0.41834414129647,0.563027558696885,0.0479222633655485,0.218911542330569,0.218911542330569,0.660921831074283
"621",621,0.864968503441662,0.665573438522872,0.532248169102472,0.563027558696885,0.0479222633655485,0.218911542330569,0.218911542330569,0.140601949384352
"622",622,0.985308807088062,0.956158920120099,0.06571293500894,0.563027558696885,0.0479222633655485,0.218911542330569,0.218911542330569,2.27176063168461
"623",623,0.623484769565053,0.952453039891785,0.379180452276043,0.563027558696885,0.0479222633655485,0.218911542330569,0.218911542330569,0.839823722694449
"624",624,0.352157400689553,0.289100781407207,0.787686782687399,0.563027558696885,0.0479222633655485,0.218911542330569,0.218911542330569,-1.02625572685092
"625",625,0.319121116611175,0.481573853447218,0.752393107080359,0.563027558696885,0.0479222633655485,0.218911542330569,0.218911542330569,-0.865032269963733
"626",626,0.210120163409389,0.730347430872149,0.429014361871542,0.563027558696885,0.0479222633655485,0.218911542330569,0.218911542330569,0.61217967494366
"627",627,0.498846165066818,0.20933179078938,0.804895325632541,0.563027558696885,0.0479222633655485,0.218911542330569,0.218911542330569,-1.10486530020615
"628",628,0.694355647166492,0.016243532100576,0.367183684244941,0.563027558696885,0.0479222633655485,0.218911542330569,0.218911542330569,0.894625620773383
"629",629,0.336302131063887,0.893306059204275,0.417908485529961,0.563027558696885,0.0479222633655485,0.218911542330569,0.218911542330569,0.66291193064542
"630",630,0.373603037631838,0.769224306059768,0.576772411329907,0.563027558696885,0.0479222633655485,0.218911542330569,0.218911542330569,-0.0627872449606445
"631",631,0.752630092827836,0.340153576916433,0.774600615202272,0.563027558696885,0.0479222633655485,0.218911542330569,0.218911542330569,-0.966477391977347
"632",632,0.641158248443971,0.870353022831609,0.475530922193139,0.563027558696885,0.0479222633655485,0.218911542330569,0.218911542330569,0.399689461653059
"633",633,0.924263565815519,0.211129090252332,0.336646988157902,0.563027558696885,0.0479222633655485,0.218911542330569,0.218911542330569,1.03411893282966
"634",634,0.0926941250563832,0.892639912615879,0.367886277363842,0.563027558696885,0.0479222633655485,0.218911542330569,0.218911542330569,0.891416136652897
"635",635,0.472060166025651,0.575282037509955,0.909634547699801,0.563027558696885,0.0479222633655485,0.218911542330569,0.218911542330569,-1.58331984377288
"636",636,0.325365723154275,0.514588112072437,0.74900721980414,0.563027558696885,0.0479222633655485,0.218911542330569,0.218911542330569,-0.849565350128569
"637",637,0.908058864325169,0.974437469852972,0.149788990400523,0.563027558696885,0.0479222633655485,0.218911542330569,0.218911542330569,1.88769657322293
"638",638,0.593303461562027,0.853467939352617,0.529565966418439,0.563027558696885,0.0479222633655485,0.218911542330569,0.218911542330569,0.152854399188861
"639",639,0.0942047673407942,0.67512570504332,0.360979790532499,0.563027558696885,0.0479222633655485,0.218911542330569,0.218911542330569,0.922965349443668
"640",640,0.12212214844441,0.135038876177627,0.473929057703821,0.563027558696885,0.0479222633655485,0.218911542330569,0.218911542330569,0.407006866995255
"641",641,0.718980720143765,0.532271817599074,0.895083470442384,0.563027558696885,0.0479222633655485,0.218911542330569,0.218911542330569,-1.51684972025858
"642",642,0.162732766109053,0.256240155616193,0.518424713864848,0.563027558696885,0.0479222633655485,0.218911542330569,0.218911542330569,0.203748255378349
"643",643,0.642089185891091,0.666818880640203,0.817238258428474,0.563027558696885,0.0479222633655485,0.218911542330569,0.218911542330569,-1.16124849802445
"644",644,0.491861009180779,0.70269621836592,0.773385784088902,0.563027558696885,0.0479222633655485,0.218911542330569,0.218911542330569,-0.960927976444312
"645",645,0.750926428267965,0.291504131547059,0.707816169776708,0.563027558696885,0.0479222633655485,0.218911542330569,0.218911542330569,-0.661402361604049
"646",646,0.851186387741356,0.613470212796004,0.630872026464212,0.563027558696885,0.0479222633655485,0.218911542330569,0.218911542330569,-0.309917270898754
"647",647,0.457391015692847,0.70082572687685,0.751521668623432,0.563027558696885,0.0479222633655485,0.218911542330569,0.218911542330569,-0.861051491026042
"648",648,0.595960662432481,0.451483450203668,0.995126138405886,0.563027558696885,0.0479222633655485,0.218911542330569,0.218911542330569,-1.97385014562872
"649",649,0.217784360845806,0.176356462454307,0.588742261877645,0.563027558696885,0.0479222633655485,0.218911542330569,0.218911542330569,-0.117466182490868
"650",650,0.091003067796817,0.0719021828038385,0.443111243798646,0.563027558696885,0.0479222633655485,0.218911542330569,0.218911542330569,0.54778434075056
"651",651,0.426110621171771,0.199097145509557,0.786850641296946,0.563027558696885,0.0479222633655485,0.218911542330569,0.218911542330569,-1.02243618685978
"652",652,0.574052115623141,0.387656140940613,0.970685858081294,0.563027558696885,0.0479222633655485,0.218911542330569,0.218911542330569,-1.86220559703892
"653",653,0.245072087673121,0.152510591233848,0.615187614826135,0.563027558696885,0.0479222633655485,0.218911542330569,0.218911542330569,-0.23827001342161
"654",654,0.424526040994329,0.798282430371619,0.585585917662838,0.563027558696885,0.0479222633655485,0.218911542330569,0.218911542330569,-0.103047828021277
"655",655,0.526497167852242,0.90583256395394,0.465969294617692,0.563027558696885,0.0479222633655485,0.218911542330569,0.218911542330569,0.443367503814073
"656",656,0.450450364360469,0.985793471245561,0.375221711172487,0.563027558696885,0.0479222633655485,0.218911542330569,0.218911542330569,0.857907470410128
"657",657,0.841898461555596,0.84013848619943,0.296502568828078,0.563027558696885,0.0479222633655485,0.218911542330569,0.218911542330569,1.21750085459788
"658",658,0.826200698091881,0.0643520170779666,0.234514205419604,0.563027558696885,0.0479222633655485,0.218911542330569,0.218911542330569,1.50066711777676
"659",659,0.740700430454337,0.251742902892525,0.658212965213207,0.563027558696885,0.0479222633655485,0.218911542330569,0.218911542330569,-0.434812187164561
"660",660,0.613956320215599,0.238100759126013,0.782586794899307,0.563027558696885,0.0479222633655485,0.218911542330569,0.218911542330569,-1.00295870133186
"661",661,0.378227384221042,0.971132187458454,0.377585416430668,0.563027558696885,0.0479222633655485,0.218911542330569,0.218911542330569,0.847109934414462
"662",662,0.131947413974791,0.393332364120404,0.453569781631199,0.563027558696885,0.0479222633655485,0.218911542330569,0.218911542330569,0.500009163063675
"663",663,0.858802447987022,0.639481314875302,0.582206818823447,0.563027558696885,0.0479222633655485,0.218911542330569,0.218911542330569,-0.0876119181399774
"664",664,0.604942173363757,0.352593096747645,0.931071459306302,0.563027558696885,0.0479222633655485,0.218911542330569,0.218911542330569,-1.68124483839984
"665",665,0.532208839935716,0.735606885595713,0.737363193824732,0.563027558696885,0.0479222633655485,0.218911542330569,0.218911542330569,-0.796374797198177
"666",666,0.664223848135909,0.692862506167032,0.757810387489176,0.563027558696885,0.0479222633655485,0.218911542330569,0.218911542330569,-0.889778705675362
"667",667,0.865087472104584,0.827777339529013,0.280341628189527,0.563027558696885,0.0479222633655485,0.218911542330569,0.218911542330569,1.29132492283338
"668",668,0.372742995509994,0.870646574865095,0.459402757692908,0.563027558696885,0.0479222633655485,0.218911542330569,0.218911542330569,0.473363806680863
"669",669,0.670145391523023,0.722199405409396,0.702444581088736,0.563027558696885,0.0479222633655485,0.218911542330569,0.218911542330569,-0.636864648193485
"670",670,0.840827355855261,0.681491999920108,0.543804170647569,0.563027558696885,0.0479222633655485,0.218911542330569,0.218911542330569,0.0878134969251077
"671",671,0.387134032997186,0.64859407293878,0.737908567756045,0.563027558696885,0.0479222633655485,0.218911542330569,0.218911542330569,-0.798866095397928
"672",672,0.166274924839265,0.934515096315532,0.368244835997457,0.563027558696885,0.0479222633655485,0.218911542330569,0.218911542330569,0.889778221037313
"673",673,0.0570976761700586,0.573671040521702,0.351994411046581,0.563027558696885,0.0479222633655485,0.218911542330569,0.218911542330569,0.964011058547255
"674",674,0.893934155501891,0.633543622954981,0.536329258620958,0.563027558696885,0.0479222633655485,0.218911542330569,0.218911542330569,0.121959307360829
"675",675,0.550167052418576,0.240862433627364,0.826780216027006,0.563027558696885,0.0479222633655485,0.218911542330569,0.218911542330569,-1.20483668664597
"676",676,0.400618085553055,0.90299006738537,0.440750044235196,0.563027558696885,0.0479222633655485,0.218911542330569,0.218911542330569,0.558570430594486
"677",677,0.376879413953749,0.442545876194141,0.852981289200745,0.563027558696885,0.0479222633655485,0.218911542330569,0.218911542330569,-1.32452463409176
"678",678,0.401170748732402,0.835889066645992,0.518311190839033,0.563027558696885,0.0479222633655485,0.218911542330569,0.218911542330569,0.204266834821929
"679",679,0.903054970507626,0.36697003878979,0.590946365004809,0.563027558696885,0.0479222633655485,0.218911542330569,0.218911542330569,-0.127534647148778
"680",680,0.386304884771467,0.123014858455514,0.715699522860085,0.563027558696885,0.0479222633655485,0.218911542330569,0.218911542330569,-0.697413953315703
"681",681,0.106506897149957,0.564050894413143,0.391890933497949,0.563027558696885,0.0479222633655485,0.218911542330569,0.218911542330569,0.781761543393221
"682",682,0.914023253914784,0.479131237104884,0.63392399256841,0.563027558696885,0.0479222633655485,0.218911542330569,0.218911542330569,-0.323858820401837
"683",683,0.473453834224842,0.741595240560709,0.70395930746644,0.563027558696885,0.0479222633655485,0.218911542330569,0.218911542330569,-0.643784001835499
"684",684,0.19411249922507,0.96588312551158,0.372434667378331,0.563027558696885,0.0479222633655485,0.218911542330569,0.218911542330569,0.870638840188462
"685",685,0.529533591442276,0.85963240365719,0.533851063121853,0.563027558696885,0.0479222633655485,0.218911542330569,0.218911542330569,0.133279841092042
"686",686,0.711552189161652,0.738652443236671,0.628881487282723,0.563027558696885,0.0479222633655485,0.218911542330569,0.218911542330569,-0.30082437812436
"687",687,0.124773838698165,0.677792955811485,0.378637241304692,0.563027558696885,0.0479222633655485,0.218911542330569,0.218911542330569,0.842305140373791
"688",688,0.171966783680837,0.448912288003019,0.50623505950808,0.563027558696885,0.0479222633655485,0.218911542330569,0.218911542330569,0.25943126883207
"689",689,0.619007901517674,0.906270994292805,0.437687102537613,0.563027558696885,0.0479222633655485,0.218911542330569,0.218911542330569,0.57256211721354
"690",690,0.322033950146637,0.0678212763337651,0.649312385696112,0.563027558696885,0.0479222633655485,0.218911542330569,0.218911542330569,-0.39415384899592
"691",691,0.954712524779025,0.0297558554507559,0.0514453189030491,0.563027558696885,0.0479222633655485,0.218911542330569,0.218911542330569,2.33693588902369
"692",692,0.955017465339159,0.829832464473788,0.158441466557425,0.563027558696885,0.0479222633655485,0.218911542330569,0.218911542330569,1.84817158488844
"693",693,0.0627860307600349,0.528507931306842,0.357005433677783,0.563027558696885,0.0479222633655485,0.218911542330569,0.218911542330569,0.941120430771973
"694",694,0.343616979216808,0.186064029181143,0.727578361653638,0.563027558696885,0.0479222633655485,0.218911542330569,0.218911542330569,-0.75167714413282
"695",695,0.336911405577557,0.976140581883839,0.369531745000231,0.563027558696885,0.0479222633655485,0.218911542330569,0.218911542330569,0.883899549729837
"696",696,0.318507304643514,0.684549072333379,0.602355017717204,0.563027558696885,0.0479222633655485,0.218911542330569,0.218911542330569,-0.179650002012832
"697",697,0.9228748853578,0.579177095011692,0.561362906699446,0.563027558696885,0.0479222633655485,0.218911542330569,0.218911542330569,0.00760422214250045
"698",698,0.0155506996732438,0.411039579962729,0.319060627862265,0.563027558696885,0.0479222633655485,0.218911542330569,0.218911542330569,1.11445439668145
"699",699,0.0618163712803507,0.429427173729055,0.358969016428632,0.563027558696885,0.0479222633655485,0.218911542330569,0.218911542330569,0.932150676459594
"700",700,0.981155487079872,0.174834561252035,0.220467975266668,0.563027558696885,0.0479222633655485,0.218911542330569,0.218911542330569,1.56483107187163
"701",701,0.582210116700851,0.585199742755969,0.944934833348871,0.563027558696885,0.0479222633655485,0.218911542330569,0.218911542330569,-1.74457349569665
"702",702,0.553106296214275,0.167497680639732,0.735036471881257,0.563027558696885,0.0479222633655485,0.218911542330569,0.218911542330569,-0.785746203023999
"703",703,0.388647402357659,0.352075964155491,0.855219004738206,0.563027558696885,0.0479222633655485,0.218911542330569,0.218911542330569,-1.33474664209389
"704",704,0.572282811291399,0.222278881405364,0.791937361564748,0.563027558696885,0.0479222633655485,0.218911542330569,0.218911542330569,-1.04567260561435
"705",705,0.0897636465348769,0.59977981399931,0.37124380056264,0.563027558696885,0.0479222633655485,0.218911542330569,0.218911542330569,0.876078785487887
"706",706,0.691000415737508,0.917000430416199,0.374893628362068,0.563027558696885,0.0479222633655485,0.218911542330569,0.218911542330569,0.85940617078438
"707",707,0.873104370791232,0.236421648016898,0.444428985114971,0.563027558696885,0.0479222633655485,0.218911542330569,0.218911542330569,0.541764825734147
"708",708,0.626884346941602,0.110172132188105,0.588577294635393,0.563027558696885,0.0479222633655485,0.218911542330569,0.218911542330569,-0.116712603029065
"709",709,0.137303815220017,0.53426064634847,0.43371857810921,0.563027558696885,0.0479222633655485,0.218911542330569,0.218911542330569,0.590690555696744
"710",710,0.693474458185374,0.397702014583047,0.904437140346004,0.563027558696885,0.0479222633655485,0.218911542330569,0.218911542330569,-1.55957780030425
"711",711,0.577505158714368,0.267675112046651,0.847282926398552,0.563027558696885,0.0479222633655485,0.218911542330569,0.218911542330569,-1.29849419850336
"712",712,0.777155108426698,0.129907004036591,0.40295560427743,0.563027558696885,0.0479222633655485,0.218911542330569,0.218911542330569,0.731217516971934
"713",713,0.206260848497273,0.753834223934216,0.412361236699295,0.563027558696885,0.0479222633655485,0.218911542330569,0.218911542330569,0.688252069276801
"714",714,0.085663467203849,0.263521168214967,0.413849769584263,0.563027558696885,0.0479222633655485,0.218911542330569,0.218911542330569,0.681452368954374
"715",715,0.0186357337789377,0.649294656586251,0.341894638958136,0.563027558696885,0.0479222633655485,0.218911542330569,0.218911542330569,1.0101473745264
"716",716,0.313293619573582,0.919177639156696,0.390733561215611,0.563027558696885,0.0479222633655485,0.218911542330569,0.218911542330569,0.787048483816811
"717",717,0.0239445740864612,0.953522544710198,0.431913407077987,0.563027558696885,0.0479222633655485,0.218911542330569,0.218911542330569,0.598936676536261
"718",718,0.1330716077775,0.838832004220225,0.35418112305496,0.563027558696885,0.0479222633655485,0.218911542330569,0.218911542330569,0.954022037479207
"719",719,0.242725101485732,0.657417104311637,0.517171133045178,0.563027558696885,0.0479222633655485,0.218911542330569,0.218911542330569,0.209474681707103
"720",720,0.175069949223311,0.82346885253198,0.366502311582475,0.563027558696885,0.0479222633655485,0.218911542330569,0.218911542330569,0.897738168678405
"721",721,0.87896147462388,0.170023318022373,0.325891777069862,0.563027558696885,0.0479222633655485,0.218911542330569,0.218911542330569,1.08324933031139
"722",722,0.143178412855254,0.0159711087759351,0.477402644683597,0.563027558696885,0.0479222633655485,0.218911542330569,0.218911542330569,0.391139330076938
"723",723,0.971786346326931,0.64503993243177,0.403256836839064,0.563027558696885,0.0479222633655485,0.218911542330569,0.218911542330569,0.729841470015126
"724",724,0.845900434694835,0.347631007461925,0.652046105176036,0.563027558696885,0.0479222633655485,0.218911542330569,0.218911542330569,-0.406641630365602
"725",725,0.677572820412694,0.443289968392812,0.945429334596615,0.563027558696885,0.0479222633655485,0.218911542330569,0.218911542330569,-1.74683240467184
"726",726,0.288709527596366,0.147326178588206,0.659288466774889,0.563027558696885,0.0479222633655485,0.218911542330569,0.218911542330569,-0.439725137620402
"727",727,0.150815399347455,0.165032363072154,0.506142382675228,0.563027558696885,0.0479222633655485,0.218911542330569,0.218911542330569,0.259854621716369
"728",728,0.78945318275271,0.573078885006835,0.771513014370607,0.563027558696885,0.0479222633655485,0.218911542330569,0.218911542330569,-0.952373061073669
"729",729,0.632470638793311,0.541445655989228,0.963310122669546,0.563027558696885,0.0479222633655485,0.218911542330569,0.218911542330569,-1.82851283085024
"730",730,0.462158766037319,0.869998046724591,0.506284172088492,0.563027558696885,0.0479222633655485,0.218911542330569,0.218911542330569,0.259206919855817
"731",731,0.883143180423183,0.505978759772494,0.675551496898591,0.563027558696885,0.0479222633655485,0.218911542330569,0.218911542330569,-0.514015556255085
"732",732,0.630629285694682,0.166465274557704,0.662666871939081,0.563027558696885,0.0479222633655485,0.218911542330569,0.218911542330569,-0.455157878755132
"733",733,0.461700642880867,0.638337704482488,0.836224505901097,0.563027558696885,0.0479222633655485,0.218911542330569,0.218911542330569,-1.24797872371512
"734",734,0.494806689318735,0.341450657490757,0.929906673528919,0.563027558696885,0.0479222633655485,0.218911542330569,0.218911542330569,-1.67592403272197
"735",735,0.344132350543397,0.106366188986693,0.683938341058715,0.563027558696885,0.0479222633655485,0.218911542330569,0.218911542330569,-0.552327122976676
"736",736,0.297773324675742,0.329459654863342,0.727370653924096,0.563027558696885,0.0479222633655485,0.218911542330569,0.218911542330569,-0.750728323767613
"737",737,0.705727832107339,0.957279186501866,0.325178419451308,0.563027558696885,0.0479222633655485,0.218911542330569,0.218911542330569,1.08650798726004
"738",738,0.127918857452925,0.75730748786719,0.360250900081551,0.563027558696885,0.0479222633655485,0.218911542330569,0.218911542330569,0.926294961227442
"739",739,0.470219820642378,0.411764349000063,0.953236724777076,0.563027558696885,0.0479222633655485,0.218911542330569,0.218911542330569,-1.78249699365305
"740",740,0.868585925723892,0.0432985185084399,0.152278388094741,0.563027558696885,0.0479222633655485,0.218911542330569,0.218911542330569,1.87632486724656
"741",741,0.439181818382349,0.0289448310387088,0.65354529373778,0.563027558696885,0.0479222633655485,0.218911542330569,0.218911542330569,-0.413490006407282
"742",742,0.436969618298695,0.944750490704086,0.409971026506147,0.563027558696885,0.0479222633655485,0.218911542330569,0.218911542330569,0.699170681277344
"743",743,0.868055932178278,0.37752401020762,0.653049153251746,0.563027558696885,0.0479222633655485,0.218911542330569,0.218911542330569,-0.411223609301163
"744",744,0.0475268603320001,0.201678065555636,0.389614201873697,0.563027558696885,0.0479222633655485,0.218911542330569,0.218911542330569,0.792161779031842
"745",745,0.01246418545919,0.526687345668557,0.327625244055275,0.563027558696885,0.0479222633655485,0.218911542330569,0.218911542330569,1.07533075750816
"746",746,0.0995919611057034,0.0135581145383185,0.442479122729205,0.563027558696885,0.0479222633655485,0.218911542330569,0.218911542330569,0.550671904662044
"747",747,0.41923158619937,0.685912331573665,0.733692723451785,0.563027558696885,0.0479222633655485,0.218911542330569,0.218911542330569,-0.779607886080241
"748",748,0.265076273345854,0.0779386434233747,0.60925800977645,0.563027558696885,0.0479222633655485,0.218911542330569,0.218911542330569,-0.211183250491901
"749",749,0.440116565409699,0.764204868165194,0.646347283520025,0.563027558696885,0.0479222633655485,0.218911542330569,0.218911542330569,-0.380609098707652
"750",750,0.804960165740456,0.731942515225848,0.513015544223819,0.563027558696885,0.0479222633655485,0.218911542330569,0.218911542330569,0.228457640655352
"751",751,0.738096773872268,0.597777021792717,0.814715805953321,0.563027558696885,0.0479222633655485,0.218911542330569,0.218911542330569,-1.14972579598554
"752",752,0.22287813161267,0.806625220093178,0.398670847968709,0.563027558696885,0.0479222633655485,0.218911542330569,0.218911542330569,0.75079052012702
"753",753,0.98056784992374,0.248582542211632,0.331840159403514,0.563027558696885,0.0479222633655485,0.218911542330569,0.218911542330569,1.05607679171281
"754",754,0.584772124429815,0.644040604366688,0.876159851754962,0.563027558696885,0.0479222633655485,0.218911542330569,0.218911542330569,-1.43040558631317
"755",755,0.757780223425478,0.671634428394376,0.683376786758325,0.563027558696885,0.0479222633655485,0.218911542330569,0.218911542330569,-0.54976191195851
"756",756,0.187158925292548,0.602088783967774,0.47421970667502,0.563027558696885,0.0479222633655485,0.218911542330569,0.218911542330569,0.40567916646332
"757",757,0.309745960011613,0.786343497074791,0.490334003739666,0.563027558696885,0.0479222633655485,0.218911542330569,0.218911542330569,0.332068168646163
"758",758,0.439566926529165,0.565934149464359,0.884036557496121,0.563027558696885,0.0479222633655485,0.218911542330569,0.218911542330569,-1.46638681259892
"759",759,0.732238074601279,0.173657735218178,0.5400959496338,0.563027558696885,0.0479222633655485,0.218911542330569,0.218911542330569,0.104752855052553
"760",760,0.230250204371172,0.764652959386585,0.427735041605948,0.563027558696885,0.0479222633655485,0.218911542330569,0.218911542330569,0.618023680481121
"761",761,0.257564436850604,0.615239661693922,0.570059662676008,0.563027558696885,0.0479222633655485,0.218911542330569,0.218911542330569,-0.0321230388505698
"762",762,0.620570590905845,0.488376650856226,0.988431878126512,0.563027558696885,0.0479222633655485,0.218911542330569,0.218911542330569,-1.94327039543325
"763",763,0.203247695544153,0.0492287782437634,0.541185698737396,0.563027558696885,0.0479222633655485,0.218911542330569,0.218911542330569,0.0997748210393886
"764",764,0.374032683338271,0.254909989503212,0.792649405966879,0.563027558696885,0.0479222633655485,0.218911542330569,0.218911542330569,-1.04892526371794
"765",765,0.786862631939235,0.924191541963606,0.280640161021246,0.563027558696885,0.0479222633655485,0.218911542330569,0.218911542330569,1.28996120839173
"766",766,0.0167447496445384,0.482762080663699,0.324300432033062,0.563027558696885,0.0479222633655485,0.218911542330569,0.218911542330569,1.09051868221426
"767",767,0.853363529987284,0.737886058630189,0.430339169159092,0.563027558696885,0.0479222633655485,0.218911542330569,0.218911542330569,0.606127882180949
"768",768,0.360480945862364,0.498934799560113,0.813809948250654,0.563027558696885,0.0479222633655485,0.218911542330569,0.218911542330569,-1.14558778803483
"769",769,0.305474464643979,0.98963076993404,0.364263994108377,0.563027558696885,0.0479222633655485,0.218911542330569,0.218911542330569,0.90796292636029
"770",770,0.116921750920592,0.491308833537274,0.416708579709057,0.563027558696885,0.0479222633655485,0.218911542330569,0.218911542330569,0.668393166619227
"771",771,0.292758350515738,0.041794136370183,0.616203517751031,0.563027558696885,0.0479222633655485,0.218911542330569,0.218911542330569,-0.242910714017296
"772",772,0.769382426832337,0.941669002479874,0.285239770448674,0.563027558696885,0.0479222633655485,0.218911542330569,0.218911542330569,1.26894993882385
"773",773,0.87029692812264,0.895150596920983,0.20932636908816,0.563027558696885,0.0479222633655485,0.218911542330569,0.218911542330569,1.61572654343925
"774",774,0.931788768851082,0.650421946058632,0.453495734269361,0.563027558696885,0.0479222633655485,0.218911542330569,0.218911542330569,0.500347415496825
"775",775,0.976393590947613,0.574829491930548,0.486744263412948,0.563027558696885,0.0479222633655485,0.218911542330569,0.218911542330569,0.34846630046005
"776",776,0.665306490544928,0.131324148813495,0.567976733216715,0.563027558696885,0.0479222633655485,0.218911542330569,0.218911542330569,-0.022608102191142
"777",777,0.243751969432924,0.216245101571199,0.629116399381797,0.563027558696885,0.0479222633655485,0.218911542330569,0.218911542330569,-0.301897469550116
"778",778,0.15552207021846,0.673411122082616,0.4050426002266,0.563027558696885,0.0479222633655485,0.218911542330569,0.218911542330569,0.72168400436245
"779",779,0.990777257353067,0.425906001828611,0.51333024251855,0.563027558696885,0.0479222633655485,0.218911542330569,0.218911542330569,0.22702008148702
"780",780,0.729307804881129,0.278440839398885,0.716336867305537,0.563027558696885,0.0479222633655485,0.218911542330569,0.218911542330569,-0.700325377896914
"781",781,0.800230179308914,0.838259033442708,0.353594747253338,0.563027558696885,0.0479222633655485,0.218911542330569,0.218911542330569,0.956700634484094
"782",782,0.814371532424004,0.297077943756245,0.62692020945586,0.563027558696885,0.0479222633655485,0.218911542330569,0.218911542330569,-0.291865152831884
"783",783,0.532637769322842,0.31608012408542,0.914071668931791,0.563027558696885,0.0479222633655485,0.218911542330569,0.218911542330569,-1.60358885830154
"784",784,0.261212709653773,0.342513073280337,0.671307005859179,0.563027558696885,0.0479222633655485,0.218911542330569,0.218911542330569,-0.494626487071138
"785",785,0.197050261819968,0.0919038873759564,0.547244031960134,0.563027558696885,0.0479222633655485,0.218911542330569,0.218911542330569,0.0721000207148372
"786",786,0.0146956755388528,0.570112649759045,0.333864146753198,0.563027558696885,0.0479222633655485,0.218911542330569,0.218911542330569,1.04683110586118
"787",787,0.0684104013388278,0.708897648591781,0.348056348679879,0.563027558696885,0.0479222633655485,0.218911542330569,0.218911542330569,0.982000344652395
"788",788,0.123477874192526,0.286087363359868,0.458658263106722,0.563027558696885,0.0479222633655485,0.218911542330569,0.218911542330569,0.476764699015091
"789",789,0.82353319578385,0.901475031253532,0.258620409066246,0.563027558696885,0.0479222633655485,0.218911542330569,0.218911542330569,1.39054864987871
"790",790,0.612506071366486,0.811927358275512,0.589376289330226,0.563027558696885,0.0479222633655485,0.218911542330569,0.218911542330569,-0.120362454865687
"791",791,0.685051499501104,0.842729465268552,0.481238356703022,0.563027558696885,0.0479222633655485,0.218911542330569,0.218911542330569,0.373617586003559
"792",792,0.427481498353183,0.326142673087074,0.880714659386384,0.563027558696885,0.0479222633655485,0.218911542330569,0.218911542330569,-1.45121219880573
"793",793,0.295854454286513,0.519245539934025,0.695743024048978,0.563027558696885,0.0479222633655485,0.218911542330569,0.218911542330569,-0.606251565994108
"794",794,0.0288707285646815,0.314683997344458,0.340627068738272,0.563027558696885,0.0479222633655485,0.218911542330569,0.218911542330569,1.01593770520686
"795",795,0.235062025374966,0.542893033140688,0.578173803155201,0.563027558696885,0.0479222633655485,0.218911542330569,0.218911542330569,-0.0691888801159887
"796",796,0.446301456412417,0.903797944536898,0.45723946657963,0.563027558696885,0.0479222633655485,0.218911542330569,0.218911542330569,0.48324583980825
"797",797,0.809043558322475,0.492672399251256,0.790957907073715,0.563027558696885,0.0479222633655485,0.218911542330569,0.218911542330569,-1.04119840347496
"798",798,0.320816151661566,0.876359754349454,0.422096537001087,0.563027558696885,0.0479222633655485,0.218911542330569,0.218911542330569,0.643780680522474
"799",799,0.217316150459112,0.593670646010782,0.521966720118385,0.563027558696885,0.0479222633655485,0.218911542330569,0.218911542330569,0.187568175443649
"800",800,0.871134516263613,0.772491010491154,0.348588264620892,0.563027558696885,0.0479222633655485,0.218911542330569,0.218911542330569,0.979570523294644
"801",801,0.165002657611738,0.697578113152063,0.4033300252168,0.563027558696885,0.0479222633655485,0.218911542330569,0.218911542330569,0.729507141468733
"802",802,0.07405216200219,0.816769597326522,0.351502842797808,0.563027558696885,0.0479222633655485,0.218911542330569,0.218911542330569,0.966256569421372
"803",803,0.452501695779618,0.101804551257403,0.709004176759371,0.563027558696885,0.0479222633655485,0.218911542330569,0.218911542330569,-0.66682924302846
"804",804,0.947361598426825,0.975825440887013,0.110831612787131,0.563027558696885,0.0479222633655485,0.218911542330569,0.218911542330569,2.06565602295612
"805",805,0.960737950562849,0.676430185334873,0.370771002841303,0.563027558696885,0.0479222633655485,0.218911542330569,0.218911542330569,0.878238551557339
"806",806,0.906186713474803,0.819188713382697,0.234890540294611,0.563027558696885,0.0479222633655485,0.218911542330569,0.218911542330569,1.49894799931001
"807",807,0.298143236910226,0.0657667792749125,0.631429735681899,0.563027558696885,0.0479222633655485,0.218911542330569,0.218911542330569,-0.312464917367046
"808",808,0.88903293131839,0.577619647093583,0.615119072782003,0.563027558696885,0.0479222633655485,0.218911542330569,0.218911542330569,-0.2379569095834
"809",809,0.0315373316173209,0.101375811814563,0.399617648656189,0.563027558696885,0.0479222633655485,0.218911542330569,0.218911542330569,0.746465482363363
"810",810,0.338982250258443,0.465544727058383,0.790537504134787,0.563027558696885,0.0479222633655485,0.218911542330569,0.218911542330569,-1.03927797966152
"811",811,0.185481865967507,0.32012999597739,0.548128505077024,0.563027558696885,0.0479222633655485,0.218911542330569,0.218911542330569,0.0680596987314747
"812",812,0.0320919506342616,0.591114051460521,0.340821490410349,0.563027558696885,0.0479222633655485,0.218911542330569,0.218911542330569,1.01504957628498
"813",813,0.842579690669081,0.484256690285867,0.74218652418606,0.563027558696885,0.0479222633655485,0.218911542330569,0.218911542330569,-0.818408036332021
"814",814,0.877416014770046,0.421966549762059,0.674273279700237,0.563027558696885,0.0479222633655485,0.218911542330569,0.218911542330569,-0.508176589589618
"815",815,0.256557672921917,0.444385985906585,0.653683707953011,0.563027558696885,0.0479222633655485,0.218911542330569,0.218911542330569,-0.414122290177052
"816",816,0.261510316553409,0.985266928023077,0.366669665813318,0.563027558696885,0.0479222633655485,0.218911542330569,0.218911542330569,0.896973685321057
"817",817,0.307663535035099,0.355609946175478,0.746172951300415,0.563027558696885,0.0479222633655485,0.218911542330569,0.218911542330569,-0.836618255272122
"818",818,0.0444439428023761,0.834489511894993,0.361823925887065,0.563027558696885,0.0479222633655485,0.218911542330569,0.218911542330569,0.919109292583536
"819",819,0.714506589199067,0.861297401652555,0.423882378805134,0.563027558696885,0.0479222633655485,0.218911542330569,0.218911542330569,0.63562285665885
"820",820,0.287017818236025,0.754758275036234,0.494379180184988,0.563027558696885,0.0479222633655485,0.218911542330569,0.218911542330569,0.313589579521732
"821",821,0.255626495639794,0.182176721620839,0.635640368018856,0.563027558696885,0.0479222633655485,0.218911542330569,0.218911542330569,-0.331699318130615
"822",822,0.152201483176555,0.143828057779232,0.506951524561419,0.563027558696885,0.0479222633655485,0.218911542330569,0.218911542330569,0.256158416949929
"823",823,0.968164062672062,0.612463831258472,0.454115860605957,0.563027558696885,0.0479222633655485,0.218911542330569,0.218911542330569,0.497514644186578
"824",824,0.362143398365355,0.936242754992913,0.396873755755595,0.563027558696885,0.0479222633655485,0.218911542330569,0.218911542330569,0.758999736479807
"825",825,0.278904201732948,0.175674225933268,0.659952300173472,0.563027558696885,0.0479222633655485,0.218911542330569,0.218911542330569,-0.442757565200582
"826",826,0.97129482011951,0.711864575019805,0.299646294253063,0.563027558696885,0.0479222633655485,0.218911542330569,0.218911542330569,1.20314014345621
"827",827,0.488274967484409,0.133198211966665,0.729438395283284,0.563027558696885,0.0479222633655485,0.218911542330569,0.218911542330569,-0.760173880348022
"828",828,0.978321118596825,0.0784107116725063,0.0911148628141948,0.563027558696885,0.0479222633655485,0.218911542330569,0.218911542330569,2.15572322436098
"829",829,0.115885628708405,0.603408511672984,0.392108136858089,0.563027558696885,0.0479222633655485,0.218911542330569,0.218911542330569,0.780769346463687
"830",830,0.72772348027688,0.390892993531073,0.860979074944778,0.563027558696885,0.0479222633655485,0.218911542330569,0.218911542330569,-1.36105896050912
"831",831,0.0888633281775983,0.640095095417579,0.364147835396148,0.563027558696885,0.0479222633655485,0.218911542330569,0.218911542330569,0.908493545764788
"832",832,0.400459814909846,0.0509266501740785,0.671007356011603,0.563027558696885,0.0479222633655485,0.218911542330569,0.218911542330569,-0.493257670039446
"833",833,0.0937690259972587,0.499465432810946,0.388112872331894,0.563027558696885,0.0479222633655485,0.218911542330569,0.218911542330569,0.799019935188524
"834",834,0.169855080263456,0.0238798810088774,0.502750248486404,0.563027558696885,0.0479222633655485,0.218911542330569,0.218911542330569,0.275350077792878
"835",835,0.148415494139772,0.32525365591282,0.489197710727525,0.563027558696885,0.0479222633655485,0.218911542330569,0.218911542330569,0.337258817800812
"836",836,0.613387447802583,0.613758348155185,0.906085613077901,0.563027558696885,0.0479222633655485,0.218911542330569,0.218911542330569,-1.56710811466934
"837",837,0.177212998840027,0.571467526705237,0.474643359992531,0.563027558696885,0.0479222633655485,0.218911542330569,0.218911542330569,0.403743894741232
"838",838,0.943612645815825,0.0600178719055839,0.0961077712141282,0.563027558696885,0.0479222633655485,0.218911542330569,0.218911542330569,2.13291534339327
"839",839,0.427599272206891,0.169894206995494,0.763742307007847,0.563027558696885,0.0479222633655485,0.218911542330569,0.218911542330569,-0.916876041227059
"840",840,0.603402399064507,0.761015766326222,0.682890817978517,0.563027558696885,0.0479222633655485,0.218911542330569,0.218911542330569,-0.547541979767479
"841",841,0.350272124263807,0.633117988730781,0.700791068317385,0.563027558696885,0.0479222633655485,0.218911542330569,0.218911542330569,-0.629311310650167
"842",842,0.889513196364278,0.540165702785132,0.647675085359622,0.563027558696885,0.0479222633655485,0.218911542330569,0.218911542330569,-0.386674570749286
"843",843,0.230836618516361,0.339427719199914,0.62132646482178,0.563027558696885,0.0479222633655485,0.218911542330569,0.218911542330569,-0.266312618805911
"844",844,0.975419867457124,0.744631501338561,0.243066950102049,0.563027558696885,0.0479222633655485,0.218911542330569,0.218911542330569,1.46159770831854
"845",845,0.794008241224918,0.285106245242641,0.637514746330013,0.563027558696885,0.0479222633655485,0.218911542330569,0.218911542330569,-0.340261581642178
"846",846,0.141720221784897,0.252554424786475,0.489117767876545,0.563027558696885,0.0479222633655485,0.218911542330569,0.218911542330569,0.337624001153544
"847",847,0.944751036900678,0.750508897483931,0.276150220106253,0.563027558696885,0.0479222633655485,0.218911542330569,0.218911542330569,1.31047150614576
"848",848,0.709064410418621,0.351674758412642,0.842569108852018,0.563027558696885,0.0479222633655485,0.218911542330569,0.218911542330569,-1.27696121994796
"849",849,0.483625833117403,0.221624684035778,0.818394647724973,0.563027558696885,0.0479222633655485,0.218911542330569,0.218911542330569,-1.16653094811451
"850",850,0.0884197428687476,0.214140825594659,0.428180514030217,0.563027558696885,0.0479222633655485,0.218911542330569,0.218911542330569,0.615988737875873
"851",851,0.353710508661927,0.907736225594999,0.415136792557701,0.563027558696885,0.0479222633655485,0.218911542330569,0.218911542330569,0.675573177022619
"852",852,0.250739187413943,0.739059855974512,0.466101921158982,0.563027558696885,0.0479222633655485,0.218911542330569,0.218911542330569,0.442761658458099
"853",853,0.801633766547195,0.460503656424,0.801445287843535,0.563027558696885,0.0479222633655485,0.218911542330569,0.218911542330569,-1.08910533729019
"854",854,0.0604340345719829,0.507124552651541,0.355539288217284,0.563027558696885,0.0479222633655485,0.218911542330569,0.218911542330569,0.947817864104588
"855",855,0.377194637668668,0.0586860870597884,0.670983625562401,0.563027558696885,0.0479222633655485,0.218911542330569,0.218911542330569,-0.493149268038576
"856",856,0.412132849836489,0.242846639288706,0.81369104384276,0.563027558696885,0.0479222633655485,0.218911542330569,0.218911542330569,-1.14504462614109
"857",857,0.931339884860092,0.0922892856737599,0.149143637120562,0.563027558696885,0.0479222633655485,0.218911542330569,0.218911542330569,1.89064458260193
"858",858,0.874537694959668,0.949027384966495,0.182464693297187,0.563027558696885,0.0479222633655485,0.218911542330569,0.218911542330569,1.73843216007782
"859",859,0.879479450927349,0.45401780523872,0.684089745039985,0.563027558696885,0.0479222633655485,0.218911542330569,0.218911542330569,-0.553018744714196
"860",860,0.827743715276476,0.823873527589254,0.336109138069751,0.563027558696885,0.0479222633655485,0.218911542330569,0.218911542330569,1.03657586169885
"861",861,0.181898183410522,0.41597010195395,0.529517880471104,0.563027558696885,0.0479222633655485,0.218911542330569,0.218911542330569,0.153074058448592
"862",862,0.46122740625788,0.946062762058806,0.412777499686943,0.563027558696885,0.0479222633655485,0.218911542330569,0.218911542330569,0.68635055698916
"863",863,0.600509320412995,0.511533572011744,0.990095503928874,0.563027558696885,0.0479222633655485,0.218911542330569,0.218911542330569,-1.95086992986003
"864",864,0.807283097518259,0.561985074372496,0.755898024123699,0.563027558696885,0.0479222633655485,0.218911542330569,0.218911542330569,-0.881042924340501
"865",865,0.506532152689062,0.17688042504678,0.768591958015597,0.563027558696885,0.0479222633655485,0.218911542330569,0.218911542330569,-0.939029514525543
"866",866,0.497844171780162,0.500004434575327,0.973238018529038,0.563027558696885,0.0479222633655485,0.218911542330569,0.218911542330569,-1.87386400673525
"867",867,0.396096904731006,0.28951143764134,0.832539728698826,0.563027558696885,0.0479222633655485,0.218911542330569,0.218911542330569,-1.2311464582117
"868",868,0.593536792838713,0.426239133223891,0.987858017883558,0.563027558696885,0.0479222633655485,0.218911542330569,0.218911542330569,-1.94064897019068
"869",869,0.651437717731926,0.515150932278251,0.96481775541775,0.563027558696885,0.0479222633655485,0.218911542330569,0.218911542330569,-1.83539978040143
"870",870,0.722993583596195,0.658500539808068,0.749950304210959,0.563027558696885,0.0479222633655485,0.218911542330569,0.218911542330569,-0.853873411717185
"871",871,0.661838636261411,0.053402835367946,0.465137592489895,0.563027558696885,0.0479222633655485,0.218911542330569,0.218911542330569,0.447166765008537
"872",872,0.354145716623869,0.775624915920664,0.54849402665951,0.563027558696885,0.0479222633655485,0.218911542330569,0.218911542330569,0.0663899759813879
"873",873,0.020997813842725,0.696355810259352,0.345284441424138,0.563027558696885,0.0479222633655485,0.218911542330569,0.218911542330569,0.994662569888354
"874",874,0.0823847893788479,0.765399892308516,0.34781904208911,0.563027558696885,0.0479222633655485,0.218911542330569,0.218911542330569,0.983084374248288
"875",875,0.168857474508113,0.859193953508278,0.360141651513276,0.563027558696885,0.0479222633655485,0.218911542330569,0.218911542330569,0.926794014713211
"876",876,0.146881997543038,0.889076887450647,0.359776614584942,0.563027558696885,0.0479222633655485,0.218911542330569,0.218911542330569,0.928461523536399
"877",877,0.665818445396842,0.477036047657486,0.961243466673056,0.563027558696885,0.0479222633655485,0.218911542330569,0.218911542330569,-1.8190722322665
"878",878,0.287942969876225,0.418798122640816,0.71356188255943,0.563027558696885,0.0479222633655485,0.218911542330569,0.218911542330569,-0.687649094515215
"879",879,0.209361101094401,0.836627968986752,0.378601238467349,0.563027558696885,0.0479222633655485,0.218911542330569,0.218911542330569,0.842469603320604
"880",880,0.638192237832234,0.384790509702056,0.940900511578647,0.563027558696885,0.0479222633655485,0.218911542330569,0.218911542330569,-1.72614449132678
"881",881,0.103092506980989,0.747025242736563,0.353076257308578,0.563027558696885,0.0479222633655485,0.218911542330569,0.218911542330569,0.959069125150416
"882",882,0.0330010476257885,0.364372803788749,0.335926135292723,0.563027558696885,0.0479222633655485,0.218911542330569,0.218911542330569,1.03741182847831
"883",883,0.710663023130852,0.307019402806647,0.78256224366897,0.563027558696885,0.0479222633655485,0.218911542330569,0.218911542330569,-1.00284654995749
"884",884,0.192629270035424,0.863484249681584,0.365822208780541,0.563027558696885,0.0479222633655485,0.218911542330569,0.218911542330569,0.900844915790473
"885",885,0.655893578682211,0.820573643974611,0.543803083900183,0.563027558696885,0.0479222633655485,0.218911542330569,0.218911542330569,0.0878184612471097
"886",886,0.47536947690032,0.99031000453548,0.372167496820919,0.563027558696885,0.0479222633655485,0.218911542330569,0.218911542330569,0.871859290031205
"887",887,0.907397722723195,0.0144583650588756,0.0752690865226002,0.563027558696885,0.0479222633655485,0.218911542330569,0.218911542330569,2.22810760447588
"888",888,0.241125543868984,0.58049510937673,0.567060154902592,0.563027558696885,0.0479222633655485,0.218911542330569,0.218911542330569,-0.0184211218959734
"889",889,0.799205771948327,0.667971197379753,0.629399719882105,0.563027558696885,0.0479222633655485,0.218911542330569,0.218911542330569,-0.3031916932228
"890",890,0.627405130180414,0.463954330397071,0.985215879593066,0.563027558696885,0.0479222633655485,0.218911542330569,0.218911542330569,-1.92857953674573
"891",891,0.687505298163742,0.98086032389279,0.319769527634461,0.563027558696885,0.0479222633655485,0.218911542330569,0.218911542330569,1.11121610342085
"892",892,0.770549828788266,0.213574514043285,0.551926430980729,0.563027558696885,0.0479222633655485,0.218911542330569,0.218911542330569,0.0507105637188955
"893",893,0.649178137176321,0.780077042977326,0.619324166830065,0.563027558696885,0.0479222633655485,0.218911542330569,0.218911542330569,-0.257166011137818
"894",894,0.327127361848019,0.81220453384018,0.482638928458148,0.563027558696885,0.0479222633655485,0.218911542330569,0.218911542330569,0.367219696973975
"895",895,0.06496238815994,0.89208869407489,0.376082972713343,0.563027558696885,0.0479222633655485,0.218911542330569,0.218911542330569,0.853973180186383
"896",896,0.267166698431014,0.939457839205163,0.370908199477015,0.563027558696885,0.0479222633655485,0.218911542330569,0.218911542330569,0.87761182975797
"897",897,0.844558715231251,0.255693230899284,0.516672320960613,0.563027558696885,0.0479222633655485,0.218911542330569,0.218911542330569,0.211753282822671
"898",898,0.695805537176086,0.62028830611764,0.836014989228238,0.563027558696885,0.0479222633655485,0.218911542330569,0.218911542330569,-1.24702163999706
"899",899,0.81121854477236,0.398191940677236,0.75560581417722,0.563027558696885,0.0479222633655485,0.218911542330569,0.218911542330569,-0.879708093187388
"900",900,0.808392591264332,0.183415995109244,0.445596990016675,0.563027558696885,0.0479222633655485,0.218911542330569,0.218911542330569,0.536429314918823
"901",901,0.338081859895494,0.0353635181380669,0.641393829232866,0.563027558696885,0.0479222633655485,0.218911542330569,0.218911542330569,-0.35798144630329
"902",902,0.1733081599531,0.232508650123142,0.534559147812451,0.563027558696885,0.0479222633655485,0.218911542330569,0.218911542330569,0.130045271169143
"903",903,0.440976949447067,0.12248583259806,0.726839417992143,0.563027558696885,0.0479222633655485,0.218911542330569,0.218911542330569,-0.748301608728756
"904",904,0.291572716555209,0.833538446375518,0.433957373549493,0.563027558696885,0.0479222633655485,0.218911542330569,0.218911542330569,0.589599724954149
"905",905,0.164020802237326,0.653567960305139,0.421891189888269,0.563027558696885,0.0479222633655485,0.218911542330569,0.218911542330569,0.644718717460279
"906",906,0.689080230002175,0.0907539045378799,0.475458096606738,0.563027558696885,0.0479222633655485,0.218911542330569,0.218911542330569,0.400022132948623
"907",907,0.496794421078521,0.383993046831922,0.957810791941804,0.563027558696885,0.0479222633655485,0.218911542330569,0.218911542330569,-1.80339158475606
"908",908,0.809588278336218,0.250079189127428,0.55759243639995,0.563027558696885,0.0479222633655485,0.218911542330569,0.218911542330569,0.0248279384406677
"909",909,0.767357387083117,0.397455248208018,0.816281553933312,0.563027558696885,0.0479222633655485,0.218911542330569,0.218911542330569,-1.15687821912103
"910",910,0.329035574403242,0.261813930260949,0.749502055266168,0.563027558696885,0.0479222633655485,0.218911542330569,0.218911542330569,-0.851825785813047
"911",911,0.857657693110756,0.12005657271063,0.274174548075218,0.563027558696885,0.0479222633655485,0.218911542330569,0.218911542330569,1.31949648495684
"912",912,0.657302917423774,0.100347812330583,0.534757783045126,0.563027558696885,0.0479222633655485,0.218911542330569,0.218911542330569,0.129137894470041
"913",913,0.684826178278774,0.273586682908353,0.763643436224426,0.563027558696885,0.0479222633655485,0.218911542330569,0.218911542330569,-0.916424394034918
"914",914,0.399887400667067,0.789966290076962,0.576234158033522,0.563027558696885,0.0479222633655485,0.218911542330569,0.218911542330569,-0.060328474214001
"915",915,0.648504826485296,0.318804393232334,0.863330352295899,0.563027558696885,0.0479222633655485,0.218911542330569,0.218911542330569,-1.37179972513984
"916",916,0.100096271807677,0.532542617904139,0.390677944146461,0.563027558696885,0.0479222633655485,0.218911542330569,0.218911542330569,0.787302545656392
"917",917,0.762610595138161,0.637977528440417,0.72880436353491,0.563027558696885,0.0479222633655485,0.218911542330569,0.218911542330569,-0.757277588349784
"918",918,0.122618076101877,0.932932258064742,0.37630457513452,0.563027558696885,0.0479222633655485,0.218911542330569,0.218911542330569,0.85296088810339
"919",919,0.47494493719982,0.49686505386862,0.957067563464623,0.563027558696885,0.0479222633655485,0.218911542330569,0.218911542330569,-1.79999647607761
"920",920,0.340150152070099,0.344772944647237,0.791703507718233,0.563027558696885,0.0479222633655485,0.218911542330569,0.218911542330569,-1.04460434834466
"921",921,0.496397222258034,0.295268382400391,0.891590033475597,0.563027558696885,0.0479222633655485,0.218911542330569,0.218911542330569,-1.50089150750472
"922",922,0.299125740285963,0.556217336931266,0.680057734836635,0.563027558696885,0.0479222633655485,0.218911542330569,0.218911542330569,-0.534600299709312
"923",923,0.703100690935389,0.434614300352405,0.917435268890095,0.563027558696885,0.0479222633655485,0.218911542330569,0.218911542330569,-1.61895396843915
"924",924,0.3806879554888,0.670248483761097,0.70493729380773,0.563027558696885,0.0479222633655485,0.218911542330569,0.218911542330569,-0.648251497385885
"925",925,0.628895260056597,0.421140174150234,0.970888883974168,0.563027558696885,0.0479222633655485,0.218911542330569,0.218911542330569,-1.86313303051599
"926",926,0.846608500362723,0.568724606578238,0.689972198519294,0.563027558696885,0.0479222633655485,0.218911542330569,0.218911542330569,-0.579890116669661
"927",927,0.467744299493497,0.915627043469693,0.448393390537834,0.563027558696885,0.0479222633655485,0.218911542330569,0.218911542330569,0.523655203095444
"928",928,0.504785017652321,0.453127686269348,0.982795613011965,0.563027558696885,0.0479222633655485,0.218911542330569,0.218911542330569,-1.91752362550717
"929",929,0.731979803464259,0.629440030227648,0.781686312021814,0.563027558696885,0.0479222633655485,0.218911542330569,0.218911542330569,-0.998845245879003
"930",930,0.0592588287256658,0.063338348743855,0.419431222681927,0.563027558696885,0.0479222633655485,0.218911542330569,0.218911542330569,0.655955983344721
"931",931,0.14255898978957,0.989274283387116,0.39729997587477,0.563027558696885,0.0479222633655485,0.218911542330569,0.218911542330569,0.757052739466139
"932",932,0.0119591530486941,0.27213144754176,0.337631059458373,0.563027558696885,0.0479222633655485,0.218911542330569,0.218911542330569,1.0296236408501
"933",933,0.966713425346999,0.105156800707453,0.134452651681416,0.563027558696885,0.0479222633655485,0.218911542330569,0.218911542330569,1.95775381440736
"934",934,0.973695071647642,0.808331798431696,0.158342900691947,0.563027558696885,0.0479222633655485,0.218911542330569,0.218911542330569,1.8486218391986
"935",935,0.753074818967958,0.561152279860224,0.832803454701686,0.563027558696885,0.0479222633655485,0.218911542330569,0.218911542330569,-1.23235117313926
"936",936,0.0264967875063885,0.444859517806093,0.327742502277137,0.563027558696885,0.0479222633655485,0.218911542330569,0.218911542330569,1.07479511548301
"937",937,0.342774431014899,0.39118508310162,0.803109383073377,0.563027558696885,0.0479222633655485,0.218911542330569,0.218911542330569,-1.0967070160876
"938",938,0.584430185252801,0.77696636365843,0.662809598312562,0.563027558696885,0.0479222633655485,0.218911542330569,0.218911542330569,-0.455809860701636
"939",939,0.442585055852775,0.880496478967369,0.484875018063781,0.563027558696885,0.0479222633655485,0.218911542330569,0.218911542330569,0.357005116318121
"940",940,0.355117662866949,0.803859567186679,0.517588335672912,0.563027558696885,0.0479222633655485,0.218911542330569,0.218911542330569,0.207568877091722
"941",941,0.02527721204306,0.544505493148696,0.334869282524079,0.563027558696885,0.0479222633655485,0.218911542330569,0.218911542330569,1.04223959021893
"942",942,0.467214971738984,0.847958144831006,0.539363152005557,0.563027558696885,0.0479222633655485,0.218911542330569,0.218911542330569,0.108100315037722
"943",943,0.522021948685753,0.33881872687256,0.934170748111035,0.563027558696885,0.0479222633655485,0.218911542330569,0.218911542330569,-1.69540256060917
"944",944,0.44377749232715,0.660649070329615,0.791846082344513,0.563027558696885,0.0479222633655485,0.218911542330569,0.218911542330569,-1.04525563710158
"945",945,0.642753504459746,0.625384664585232,0.875593088010126,0.563027558696885,0.0479222633655485,0.218911542330569,0.218911542330569,-1.42781657826543
"946",946,0.00825662917236332,0.323639751001727,0.321726627452629,0.563027558696885,0.0479222633655485,0.218911542330569,0.218911542330569,1.10227596350254
"947",947,0.241874425629154,0.108236680061207,0.598162218648629,0.563027558696885,0.0479222633655485,0.218911542330569,0.218911542330569,-0.160497064602873
"948",948,0.0623355269115418,0.927288945324253,0.394999550069274,0.563027558696885,0.0479222633655485,0.218911542330569,0.218911542330569,0.767561211431598
"949",949,0.0538643232062459,0.149920052063419,0.407650808210554,0.563027558696885,0.0479222633655485,0.218911542330569,0.218911542330569,0.709769566429271
"950",950,0.508204176709289,0.937066152859246,0.426221112553474,0.563027558696885,0.0479222633655485,0.218911542330569,0.218911542330569,0.624939391897506
"951",951,0.244667267757934,0.849334293677472,0.392688051353252,0.563027558696885,0.0479222633655485,0.218911542330569,0.218911542330569,0.778120265063094
"952",952,0.612271547938231,0.283015149018262,0.845522917345062,0.563027558696885,0.0479222633655485,0.218911542330569,0.218911542330569,-1.29045438006915
"953",953,0.332152496974566,0.443693994834903,0.78412995273415,0.563027558696885,0.0479222633655485,0.218911542330569,0.218911542330569,-1.0100079314383
"954",954,0.173668435750413,0.987937522635562,0.385320904633043,0.563027558696885,0.0479222633655485,0.218911542330569,0.218911542330569,0.811773797635096
"955",955,0.855052877471549,0.543599444124149,0.698441631854359,0.563027558696885,0.0479222633655485,0.218911542330569,0.218911542330569,-0.618578955297802
"956",956,0.134075107636862,0.438420167457662,0.449394128780494,0.563027558696885,0.0479222633655485,0.218911542330569,0.218911542330569,0.51908377560466
"957",957,0.578368809368112,0.464621737655252,1,0.563027558696885,0.0479222633655485,0.218911542330569,0.218911542330569,-1.99611421422111
"958",958,0.97271122172079,0.226775183128542,0.307057703966779,0.563027558696885,0.0479222633655485,0.218911542330569,0.218911542330569,1.16928441508843
"959",959,0.656270189843373,0.650829015831114,0.8304499672137,0.563027558696885,0.0479222633655485,0.218911542330569,0.218911542330569,-1.22160031248143
"960",960,0.130949496424408,0.212088079752866,0.479547763237838,0.563027558696885,0.0479222633655485,0.218911542330569,0.218911542330569,0.381340310201587
"961",961,0.734773789306404,0.92615709459153,0.328222523615725,0.563027558696885,0.0479222633655485,0.218911542330569,0.218911542330569,1.07260235153152
"962",962,0.845432734878035,0.392677457503276,0.700745386773352,0.563027558696885,0.0479222633655485,0.218911542330569,0.218911542330569,-0.62910263483734
"963",963,0.952072815452004,0.305783507599845,0.448107032891791,0.563027558696885,0.0479222633655485,0.218911542330569,0.218911542330569,0.524963300617367
"964",964,0.0589308149071876,0.0168191007038113,0.416426236270732,0.563027558696885,0.0479222633655485,0.218911542330569,0.218911542330569,0.669682927018881
"965",965,0.72396284596331,0.0459076706593623,0.359929357774859,0.563027558696885,0.0479222633655485,0.218911542330569,0.218911542330569,0.927763784219911
"966",966,0.673008645877475,0.227095320180641,0.705482896221531,0.563027558696885,0.0479222633655485,0.218911542330569,0.218911542330569,-0.650743839306245
"967",967,0.995937999288435,0.973209208011278,0.0583109542524738,0.563027558696885,0.0479222633655485,0.218911542330569,0.218911542330569,2.30557328805559
"968",968,0.695167655059602,0.239383172232541,0.69794921963621,0.563027558696885,0.0479222633655485,0.218911542330569,0.218911542330569,-0.616329589125025
"969",969,0.447085655689472,0.456991650135838,0.93818809091732,0.563027558696885,0.0479222633655485,0.218911542330569,0.218911542330569,-1.71375400413525
"970",970,0.969439150611288,0.155860415804549,0.203148463708826,0.563027558696885,0.0479222633655485,0.218911542330569,0.218911542330569,1.64394755597044
"971",971,0.373071580555174,0.0127500977069139,0.641454630515737,0.563027558696885,0.0479222633655485,0.218911542330569,0.218911542330569,-0.358259189917097
"972",972,0.549548032678547,0.452745920093963,0.99797572940727,0.563027558696885,0.0479222633655485,0.218911542330569,0.218911542330569,-1.98686723449962
"973",973,0.324793821329018,0.175476909081801,0.705766895495899,0.563027558696885,0.0479222633655485,0.218911542330569,0.218911542330569,-0.652041163656274
"974",974,0.907965319386567,0.039556813089177,0.104431590169613,0.563027558696885,0.0479222633655485,0.218911542330569,0.218911542330569,2.09489167928279
"975",975,0.704716488814098,0.109029822926852,0.478808505632727,0.563027558696885,0.0479222633655485,0.218911542330569,0.218911542330569,0.384717279717405
"976",976,0.00857147208822425,0.745183322050492,0.35329594101462,0.563027558696885,0.0479222633655485,0.218911542330569,0.218911542330569,0.958065597863991
"977",977,0.627797260862309,0.710409396250034,0.756507416757333,0.563027558696885,0.0479222633655485,0.218911542330569,0.218911542330569,-0.883826663503573
"978",978,0.774288883160567,0.335821202964173,0.739664439768885,0.563027558696885,0.0479222633655485,0.218911542330569,0.218911542330569,-0.806887015602257
"979",979,0.174569770181784,0.279217620496871,0.534189056465337,0.563027558696885,0.0479222633655485,0.218911542330569,0.218911542330569,0.131735868856107
"980",980,0.259951223528595,0.302110385343549,0.666057405430557,0.563027558696885,0.0479222633655485,0.218911542330569,0.218911542330569,-0.470646022757864
"981",981,0.126354950352223,0.709863997204462,0.370623230921458,0.563027558696885,0.0479222633655485,0.218911542330569,0.218911542330569,0.878913581837935
"982",982,0.290930867847754,0.216942341926391,0.687967823485464,0.563027558696885,0.0479222633655485,0.218911542330569,0.218911542330569,-0.570734020958621
"983",983,0.919636359743425,0.167860473909182,0.272791494743117,0.563027558696885,0.0479222633655485,0.218911542330569,0.218911542330569,1.32581434886378
"984",984,0.534111533081275,0.369045709157828,0.959033700895824,0.563027558696885,0.0479222633655485,0.218911542330569,0.218911542330569,-1.80897790031074
"985",985,0.746667944010929,0.899960712677916,0.342632773309455,0.563027558696885,0.0479222633655485,0.218911542330569,0.218911542330569,1.00677553609586
"986",986,0.588229714778368,0.948885891774902,0.397738972974156,0.563027558696885,0.0479222633655485,0.218911542330569,0.218911542330569,0.755047376502121
"987",987,0.590436343701207,0.148835335841752,0.680724907403098,0.563027558696885,0.0479222633655485,0.218911542330569,0.218911542330569,-0.537647980792549
"988",988,0.44967346436251,0.396218298083171,0.932156451026634,0.563027558696885,0.0479222633655485,0.218911542330569,0.218911542330569,-1.68620114042385
"989",989,0.623903150228784,0.92922202080139,0.405490863503698,0.563027558696885,0.0479222633655485,0.218911542330569,0.218911542330569,0.719636312987543
"990",990,0.831400120961829,0.702358492421219,0.52344778861602,0.563027558696885,0.0479222633655485,0.218911542330569,0.218911542330569,0.180802572854278
"991",991,0.562658098894986,0.632624374841107,0.892780041825842,0.563027558696885,0.0479222633655485,0.218911542330569,0.218911542330569,-1.50632753128664
"992",992,0.66138018261909,0.964077435800573,0.347836639944302,0.563027558696885,0.0479222633655485,0.218911542330569,0.218911542330569,0.983003986275116
"993",993,0.60959248435637,0.535024172538077,0.976984035102685,0.563027558696885,0.0479222633655485,0.218911542330569,0.218911542330569,-1.89097601706493
"994",994,0.275001493237214,0.868421722010942,0.400450692423949,0.563027558696885,0.0479222633655485,0.218911542330569,0.218911542330569,0.742660092483546
"995",995,0.310726432161871,0.303861759995809,0.740500409753679,0.563027558696885,0.0479222633655485,0.218911542330569,0.218911542330569,-0.810705772602889
"996",996,0.571340987363714,0.0325252768661594,0.562225290759343,0.563027558696885,0.0479222633655485,0.218911542330569,0.218911542330569,0.00366480418986104
"997",997,0.599974758182419,0.89720319757855,0.459804487988262,0.563027558696885,0.0479222633655485,0.218911542330569,0.218911542330569,0.471528680533209
"998",998,0.413802922171773,0.921298496002215,0.427126771595452,0.563027558696885,0.0479222633655485,0.218911542330569,0.218911542330569,0.620802291439777
"999",999,0.820768549280707,0.942948019612697,0.236910350419779,0.563027558696885,0.0479222633655485,0.218911542330569,0.218911542330569,1.48972139525037
"1000",1000,0.838741149220848,0.863747023228207,0.274342544313416,0.563027558696885,0.0479222633655485,0.218911542330569,0.218911542330569,1.31872906887449
"1001",1001,0.158835476279142,0.0683528580089333,0.503493854917387,0.563027558696885,0.0479222633655485,0.218911542330569,0.218911542330569,0.271953242600606
"1002",1002,0.229570742385345,0.631453939313069,0.516603705247056,0.563027558696885,0.0479222633655485,0.218911542330569,0.218911542330569,0.212066723186877
"1003",1003,0.738541043858859,0.503179070441518,0.884143317208246,0.563027558696885,0.0479222633655485,0.218911542330569,0.218911542330569,-1.46687449685251
"1004",1004,0.233197247773292,0.940357698710868,0.366981980494687,0.563027558696885,0.0479222633655485,0.218911542330569,0.218911542330569,0.895547014630037
"1005",1005,0.99141966869228,0.0371776868939633,0.0347314378592031,0.563027558696885,0.0479222633655485,0.218911542330569,0.218911542330569,2.41328581952944
"1006",1006,0.805565305584343,0.703141043324606,0.56131301159027,0.563027558696885,0.0479222633655485,0.218911542330569,0.218911542330569,0.00783214575331044
"1007",1007,0.989410585197154,0.770047483199858,0.187717154312711,0.563027558696885,0.0479222633655485,0.218911542330569,0.218911542330569,1.71443862844579
"1008",1008,0.82319807172264,0.136538160002674,0.346903809158464,0.563027558696885,0.0479222633655485,0.218911542330569,0.218911542330569,0.987265208757525
"1009",1009,0.860398852707702,0.501365463422961,0.711885727651076,0.563027558696885,0.0479222633655485,0.218911542330569,0.218911542330569,-0.679992326441182
"1010",1010,0.101819612140302,0.143212078940356,0.452801831408121,0.563027558696885,0.0479222633655485,0.218911542330569,0.218911542330569,0.503517202040982
"1011",1011,0.98441918154771,0.474328483577701,0.531627397507437,0.563027558696885,0.0479222633655485,0.218911542330569,0.218911542330569,0.143437668270739
"1012",1012,0.355826743005309,0.369777763424907,0.818841768306431,0.563027558696885,0.0479222633655485,0.218911542330569,0.218911542330569,-1.1685734195927
"1013",1013,0.713913787092664,0.813527875593165,0.497437002553751,0.563027558696885,0.0479222633655485,0.218911542330569,0.218911542330569,0.299621278279098
"1014",1014,0.70161547616648,0.88994915202586,0.398155957594154,0.563027558696885,0.0479222633655485,0.218911542330569,0.218911542330569,0.753142567758101
"1015",1015,0.775438917191932,0.657986508646281,0.680241953006211,0.563027558696885,0.0479222633655485,0.218911542330569,0.218911542330569,-0.535441818468967
"1016",1016,0.791152450871887,0.37843725631258,0.766084308070137,0.563027558696885,0.0479222633655485,0.218911542330569,0.218911542330569,-0.927574431258744
"1017",1017,0.153392953151138,0.612996594043332,0.427402210954227,0.563027558696885,0.0479222633655485,0.218911542330569,0.218911542330569,0.619544069256321
"1018",1018,0.945130349499057,0.138253807954374,0.20046577807616,0.563027558696885,0.0479222633655485,0.218911542330569,0.218911542330569,1.65620221191095
"1019",1019,0.658792858365108,0.604188922910602,0.889969090502187,0.563027558696885,0.0479222633655485,0.218911542330569,0.218911542330569,-1.49348695059487
"1020",1020,0.483058398281341,0.360428985987208,0.937855748181835,0.563027558696885,0.0479222633655485,0.218911542330569,0.218911542330569,-1.71223584418832
"1021",1021,0.990031839775154,0.293222343868343,0.385737026369773,0.563027558696885,0.0479222633655485,0.218911542330569,0.218911542330569,0.80987293058944
"1022",1022,0.0216185233776923,0.0318270946056582,0.398597797100855,0.563027558696885,0.0479222633655485,0.218911542330569,0.218911542330569,0.751124220520687
"1023",1023,0.538726075482904,0.142165909316856,0.714596452482175,0.563027558696885,0.0479222633655485,0.218911542330569,0.218911542330569,-0.692375066986702
"1024",1024,0.723342158841318,0.551901015009265,0.877149333098153,0.563027558696885,0.0479222633655485,0.218911542330569,0.218911542330569,-1.43492559166627
"1025",1025,0.742104228021461,0.0900883989451686,0.394447468306731,0.563027558696885,0.0479222633655485,0.218911542330569,0.218911542330569,0.770083151374396
"1026",1026,0.0930482277187984,0.354680104834842,0.404698201049613,0.563027558696885,0.0479222633655485,0.218911542330569,0.218911542330569,0.723257238799157
"1027",1027,0.0977337001137203,0.71410014097672,0.355915091581835,0.563027558696885,0.0479222633655485,0.218911542330569,0.218911542330569,0.94610117360691
"1028",1028,0.456310294132796,0.370983223064337,0.927193072982188,0.563027558696885,0.0479222633655485,0.218911542330569,0.218911542330569,-1.66352815574883
"1029",1029,0.104123519256245,0.312676674289512,0.427089269275012,0.563027558696885,0.0479222633655485,0.218911542330569,0.218911542330569,0.620973604108085
"1030",1030,0.702796788339736,0.576760715660173,0.878510404760735,0.563027558696885,0.0479222633655485,0.218911542330569,0.218911542330569,-1.44114304209439
"1031",1031,0.480990429516416,0.314352832309436,0.903894196977199,0.563027558696885,0.0479222633655485,0.218911542330569,0.218911542330569,-1.5570976050481
"1032",1032,0.601132527353009,0.200659335274482,0.741055312362956,0.563027558696885,0.0479222633655485,0.218911542330569,0.218911542330569,-0.813240598329159
"1033",1033,0.930362002286478,0.90434780062642,0.133937621062907,0.563027558696885,0.0479222633655485,0.218911542330569,0.218911542330569,1.96010650268056
"1034",1034,0.211795689693885,0.382851848977734,0.585856517470149,0.563027558696885,0.0479222633655485,0.218911542330569,0.218911542330569,-0.104283942866708
"1035",1035,0.606357002382982,0.635864146584994,0.881032770610617,0.563027558696885,0.0479222633655485,0.218911542330569,0.218911542330569,-1.45266534842428
"1036",1036,0.435281741375919,0.817927103110356,0.56571858007996,0.563027558696885,0.0479222633655485,0.218911542330569,0.218911542330569,-0.0122927341081512
"1037",1037,0.0281645321057877,0.888496546081849,0.38988164931084,0.563027558696885,0.0479222633655485,0.218911542330569,0.218911542330569,0.790940064387216
"1038",1038,0.140464806646807,0.566767671509762,0.428457758882042,0.563027558696885,0.0479222633655485,0.218911542330569,0.218911542330569,0.614722268100578
"1039",1039,0.633253091319464,0.145770737846382,0.629945744232598,0.563027558696885,0.0479222633655485,0.218911542330569,0.218911542330569,-0.305685962573242
"1040",1040,0.4043649429949,0.159473697258858,0.7482609998457,0.563027558696885,0.0479222633655485,0.218911542330569,0.218911542330569,-0.846156576198718
"1041",1041,0.328911481793155,0.554355912541156,0.731790366302232,0.563027558696885,0.0479222633655485,0.218911542330569,0.218911542330569,-0.770917813691639
"1042",1042,0.595416013217997,0.255160255569615,0.820264342918735,0.563027558696885,0.0479222633655485,0.218911542330569,0.218911542330569,-1.1750718188875
"1043",1043,0.806243208924308,0.0145117802929599,0.195739770866933,0.563027558696885,0.0479222633655485,0.218911542330569,0.218911542330569,1.67779087351788
"1044",1044,0.3373489760831,0.760418528789771,0.546832222316663,0.563027558696885,0.0479222633655485,0.218911542330569,0.218911542330569,0.0739811898806423
"1045",1045,0.75607743279275,0.128066681016004,0.431360842602596,0.563027558696885,0.0479222633655485,0.218911542330569,0.218911542330569,0.601460821537974
"1046",1046,0.693779785748338,0.664647988997051,0.774127110407868,0.563027558696885,0.0479222633655485,0.218911542330569,0.218911542330569,-0.964314395959124
"1047",1047,0.940056710977224,0.782786980569013,0.235650299655569,0.563027558696885,0.0479222633655485,0.218911542330569,0.218911542330569,1.49547737664265
"1048",1048,0.202616592033883,0.406868414965924,0.566461691539132,0.563027558696885,0.0479222633655485,0.218911542330569,0.218911542330569,-0.0156873082418888
"1049",1049,0.763158774113283,0.00819525932555553,0.25003331490222,0.563027558696885,0.0479222633655485,0.218911542330569,0.218911542330569,1.42977496966343
"1050",1050,0.8853291057155,0.204763922296697,0.375042884146196,0.563027558696885,0.0479222633655485,0.218911542330569,0.218911542330569,0.858724362129893
"1051",1051,0.932637792622438,0.232370940421009,0.360808592446775,0.563027558696885,0.0479222633655485,0.218911542330569,0.218911542330569,0.92374739174213
"1052",1052,0.0104909554842161,0.97016438507475,0.452336297258578,0.563027558696885,0.0479222633655485,0.218911542330569,0.218911542330569,0.505643787713838
"1053",1053,0.124344108488061,0.883572591930861,0.359788638907236,0.563027558696885,0.0479222633655485,0.218911542330569,0.218911542330569,0.928406595768927
"1054",1054,0.898819790325127,0.743804172801203,0.352742424940106,0.563027558696885,0.0479222633655485,0.218911542330569,0.218911542330569,0.960594089822986
"1055",1055,0.364669143024017,0.0788740660868352,0.678749783331457,0.563027558696885,0.0479222633655485,0.218911542330569,0.218911542330569,-0.528625505090201
"1056",1056,0.13121732077084,0.0606144042023225,0.476233475686243,0.563027558696885,0.0479222633655485,0.218911542330569,0.218911542330569,0.3964801585454
"1057",1057,0.804325768205454,0.102391457633697,0.320472851509217,0.563027558696885,0.0479222633655485,0.218911542330569,0.218911542330569,1.10800328116732
"1058",1058,0.936497880392009,0.674761098097311,0.40857782611685,0.563027558696885,0.0479222633655485,0.218911542330569,0.218911542330569,0.705534897501234
"1059",1059,0.384888971004286,0.541930091136019,0.828746046372744,0.563027558696885,0.0479222633655485,0.218911542330569,0.218911542330569,-1.21381670809577
"1060",1060,0.353484128901269,0.264700290706591,0.777840480734718,0.563027558696885,0.0479222633655485,0.218911542330569,0.218911542330569,-0.981277276432748
"1061",1061,0.769551210318808,0.520197940883227,0.838000333893862,0.563027558696885,0.0479222633655485,0.218911542330569,0.218911542330569,-1.25609080393647
"1062",1062,0.598858029397088,0.0732326242845738,0.57619222841051,0.563027558696885,0.0479222633655485,0.218911542330569,0.218911542330569,-0.0601369373833452
"1063",1063,0.630458775925101,0.826120305412798,0.553956200307983,0.563027558696885,0.0479222633655485,0.218911542330569,0.218911542330569,0.0414384654748071
"1064",1064,0.45885351506155,0.615962790736579,0.858551626594242,0.563027558696885,0.0479222633655485,0.218911542330569,0.218911542330569,-1.34997024255166
"1065",1065,0.0728598892651498,0.862005902578472,0.362308227960589,0.563027558696885,0.0479222633655485,0.218911542330569,0.218911542330569,0.916896973998741
"1066",1066,0.779969116178923,0.0514812186534982,0.282355014879897,0.563027558696885,0.0479222633655485,0.218911542330569,0.218911542330569,1.2821276613782
"1067",1067,0.621545487206313,0.783212478489382,0.633909406857243,0.563027558696885,0.0479222633655485,0.218911542330569,0.218911542330569,-0.323792192068714
"1068",1068,0.533735491261119,0.784277684883447,0.656950108679947,0.563027558696885,0.0479222633655485,0.218911542330569,0.218911542330569,-0.429043388864501
"1069",1069,0.314605080581037,0.608974289526115,0.666651225204023,0.563027558696885,0.0479222633655485,0.218911542330569,0.218911542330569,-0.473358624236726
"1070",1070,0.851714164438308,0.784735443822574,0.358230379805325,0.563027558696885,0.0479222633655485,0.218911542330569,0.218911542330569,0.93552480929628
"1071",1071,0.0528670835050289,0.728742535742116,0.345891064200495,0.563027558696885,0.0479222633655485,0.218911542330569,0.218911542330569,0.991891483586103
"1072",1072,0.928592991014477,0.824437341115088,0.198754590217339,0.563027558696885,0.0479222633655485,0.218911542330569,0.218911542330569,1.66401901243505
"1073",1073,0.179184430122841,0.793230578753515,0.376317141126699,0.563027558696885,0.0479222633655485,0.218911542330569,0.218911542330569,0.852903485958007
"1074",1074,0.0951383543070406,0.969701368744485,0.405948359059734,0.563027558696885,0.0479222633655485,0.218911542330569,0.218911542330569,0.717546448053216
"1075",1075,0.275681998066255,0.966930402666796,0.367213720876127,0.563027558696885,0.0479222633655485,0.218911542330569,0.218911542330569,0.894488411785377
"1076",1076,0.083478170005721,0.0282785462946631,0.433239833143762,0.563027558696885,0.0479222633655485,0.218911542330569,0.218911542330569,0.59287748910533
"1077",1077,0.513191052210517,0.227931677456945,0.822697558182551,0.563027558696885,0.0479222633655485,0.218911542330569,0.218911542330569,-1.18618688042291
"1078",1078,0.660500933690346,0.428585809818469,0.953492084141803,0.563027558696885,0.0479222633655485,0.218911542330569,0.218911542330569,-1.78366348931613
"1079",1079,0.405980240517063,0.508450609853142,0.876527753234824,0.563027558696885,0.0479222633655485,0.218911542330569,0.218911542330569,-1.43208618056574
"1080",1080,0.263413508612895,0.129306139079505,0.627245248564904,0.563027558696885,0.0479222633655485,0.218911542330569,0.218911542330569,-0.293349949410372
"1081",1081,0.894514459835715,0.245119183086674,0.429910302910451,0.563027558696885,0.0479222633655485,0.218911542330569,0.218911542330569,0.608086966859972
"1082",1082,0.961086772574461,0.187482238311786,0.258603244296731,0.563027558696885,0.0479222633655485,0.218911542330569,0.218911542330569,1.39062705949262
"1083",1083,0.398288355840603,0.103013399174437,0.706115626731117,0.563027558696885,0.0479222633655485,0.218911542330569,0.218911542330569,-0.653634187173926
"1084",1084,0.925638446353842,0.450967265552958,0.614034554487662,0.563027558696885,0.0479222633655485,0.218911542330569,0.218911542330569,-0.233002770195431
"1085",1085,0.0566510851872154,0.548522089200211,0.352200595742766,0.563027558696885,0.0479222633655485,0.218911542330569,0.218911542330569,0.96306919548243
"1086",1086,0.811998468817095,0.617858839827008,0.685202762409153,0.563027558696885,0.0479222633655485,0.218911542330569,0.218911542330569,-0.558103069447916
"1087",1087,0.111772148476914,0.39502005918033,0.423991656816995,0.563027558696885,0.0479222633655485,0.218911542330569,0.218911542330569,0.635123668673157
"1088",1088,0.686610542805516,0.524638395593502,0.932467038253619,0.563027558696885,0.0479222633655485,0.218911542330569,0.218911542330569,-1.68761992000796
"1089",1089,0.545290141746635,0.951522085625445,0.405842675854628,0.563027558696885,0.0479222633655485,0.218911542330569,0.218911542330569,0.718029214763371
"1090",1090,0.95599777673115,0.949612061143736,0.0970660057968224,0.563027558696885,0.0479222633655485,0.218911542330569,0.218911542330569,2.12853807496561
"1091",1091,0.724965114127728,0.219504777012509,0.626366827562653,0.563027558696885,0.0479222633655485,0.218911542330569,0.218911542330569,-0.289337273820501
"1092",1092,0.270413047184236,0.674181006366387,0.543087747241515,0.563027558696885,0.0479222633655485,0.218911542330569,0.218911542330569,0.0910861585601539
"1093",1093,0.109861192958779,0.2232214838285,0.451699998515188,0.563027558696885,0.0479222633655485,0.218911542330569,0.218911542330569,0.508550435470351
"1094",1094,0.511505921129487,0.698863702602568,0.788757879300339,0.563027558696885,0.0479222633655485,0.218911542330569,0.218911542330569,-1.03114855525794
"1095",1095,0.824429214638891,0.576370342558715,0.716258932989479,0.563027558696885,0.0479222633655485,0.218911542330569,0.218911542330569,-0.699969369642491
"1096",1096,0.837314422155614,0.450264664485003,0.746690960679879,0.563027558696885,0.0479222633655485,0.218911542330569,0.218911542330569,-0.838984550689664
"1097",1097,0.534516266944003,0.812938148398651,0.609182929737058,0.563027558696885,0.0479222633655485,0.218911542330569,0.218911542330569,-0.210840280730724
"1098",1098,0.0231846974355867,0.0648026930028573,0.398519304228508,0.563027558696885,0.0479222633655485,0.218911542330569,0.218911542330569,0.751482780291046
"1099",1099,0.755100724676391,0.174190820468823,0.507790051961845,0.563027558696885,0.0479222633655485,0.218911542330569,0.218911542330569,0.25232797753363
"1100",1100,0.575208572415519,0.909359265599633,0.452177542226864,0.563027558696885,0.0479222633655485,0.218911542330569,0.218911542330569,0.506368989455253
"1101",1101,0.591708457004861,0.0180001312589739,0.520884961807932,0.563027558696885,0.0479222633655485,0.218911542330569,0.218911542330569,0.192509707072984
"1102",1102,0.727366671723197,0.326552457499085,0.789181084843039,0.563027558696885,0.0479222633655485,0.218911542330569,0.218911542330569,-1.03308178151999
"1103",1103,0.154394410899258,0.747713301198673,0.376288692537595,0.563027558696885,0.0479222633655485,0.218911542330569,0.218911542330569,0.853033440682189
"1104",1104,0.635352757373476,0.972358601332875,0.353973883233209,0.563027558696885,0.0479222633655485,0.218911542330569,0.218911542330569,0.954968720415815
"1105",1105,0.968534955248237,0.867457031337661,0.1087431311787,0.563027558696885,0.0479222633655485,0.218911542330569,0.218911542330569,2.07519632213906
"1106",1106,0.500212696840172,0.10744219530921,0.699525349980427,0.563027558696885,0.0479222633655485,0.218911542330569,0.218911542330569,-0.623529439472965
"1107",1107,0.184180578538915,0.709344141128939,0.415316225578083,0.563027558696885,0.0479222633655485,0.218911542330569,0.218911542330569,0.67475351708842
"1108",1108,0.340791728687123,0.579959006720805,0.732811057535251,0.563027558696885,0.0479222633655485,0.218911542330569,0.218911542330569,-0.775580387542942
"1109",1109,0.750336944646435,0.848846398091991,0.401351143731581,0.563027558696885,0.0479222633655485,0.218911542330569,0.218911542330569,0.738546781243555
"1110",1110,0.464524694691994,0.0378568359974306,0.652814652117239,0.563027558696885,0.0479222633655485,0.218911542330569,0.218911542330569,-0.410152395184217
"1111",1111,0.9702677368226,0.432621777318534,0.544009856894831,0.563027558696885,0.0479222633655485,0.218911542330569,0.218911542330569,0.0868739108024568
"1112",1112,0.550830463567167,0.896158183441963,0.47684581006551,0.563027558696885,0.0479222633655485,0.218911542330569,0.218911542330569,0.393682981326017
"1113",1113,0.812846933815395,0.529977375302231,0.771328925251004,0.563027558696885,0.0479222633655485,0.218911542330569,0.218911542330569,-0.951532131821409
"1114",1114,0.962729736766662,0.916144098776626,0.0925566314689497,0.563027558696885,0.0479222633655485,0.218911542330569,0.218911542330569,2.14913714562157
"1115",1115,0.548241576108034,0.868803448270424,0.518169272699798,0.563027558696885,0.0479222633655485,0.218911542330569,0.218911542330569,0.204915124709818
"1116",1116,0.422231460831244,0.841242471727543,0.525581555126748,0.563027558696885,0.0479222633655485,0.218911542330569,0.218911542330569,0.171055409739846
"1117",1117,0.572728822577279,0.855128611288965,0.534390787663548,0.563027558696885,0.0479222633655485,0.218911542330569,0.218911542330569,0.130814349615672
"1118",1118,0.502979310801718,0.549697612325079,0.95252359665305,0.563027558696885,0.0479222633655485,0.218911542330569,0.218911542330569,-1.77923938504806
"1119",1119,0.782565376444953,0.610938904500799,0.737931164758231,0.563027558696885,0.0479222633655485,0.218911542330569,0.218911542330569,-0.79896931975031
"1120",1120,0.42336920626089,0.0765431305074599,0.690779881057915,0.563027558696885,0.0479222633655485,0.218911542330569,0.218911542330569,-0.583579655055907
"1121",1121,0.477005515176104,0.794861303116078,0.623823149355198,0.563027558696885,0.0479222633655485,0.218911542330569,0.218911542330569,-0.277717611465677
"1122",1122,0.764487437706557,0.962949679403682,0.277314824743512,0.563027558696885,0.0479222633655485,0.218911542330569,0.218911542330569,1.30515152792597
"1123",1123,0.554637328513898,0.768171598822693,0.684101693036744,0.563027558696885,0.0479222633655485,0.218911542330569,0.218911542330569,-0.553073323822414
"1124",1124,0.676967425813316,0.563619126042002,0.915573544374441,0.563027558696885,0.0479222633655485,0.218911542330569,0.218911542330569,-1.6104495081634
"1125",1125,0.761053072784562,0.733507477764506,0.573596147101014,0.563027558696885,0.0479222633655485,0.218911542330569,0.218911542330569,-0.048277894767969
"1126",1126,0.0214453983617714,0.614436201232253,0.339616582642511,0.563027558696885,0.0479222633655485,0.218911542330569,0.218911542330569,1.02055366142828
"1127",1127,0.0304152267894242,0.928643820028752,0.411543166260829,0.563027558696885,0.0479222633655485,0.218911542330569,0.218911542330569,0.69198906016251
"1128",1128,0.262119172317442,0.59306131824851,0.592998880850892,0.563027558696885,0.0479222633655485,0.218911542330569,0.218911542330569,-0.136910652745521
"1129",1129,0.408852213811828,0.976519897402613,0.378420861789636,0.563027558696885,0.0479222633655485,0.218911542330569,0.218911542330569,0.84329357393354
"1130",1130,0.0800481322850101,0.301411048579263,0.398372447464627,0.563027558696885,0.0479222633655485,0.218911542330569,0.218911542330569,0.75215363008872
"1131",1131,0.853674059378332,0.0943459357842803,0.240851765543737,0.563027558696885,0.0479222633655485,0.218911542330569,0.218911542330569,1.47171679356516
"1132",1132,0.384048910338082,0.945097885142895,0.39676349502014,0.563027558696885,0.0479222633655485,0.218911542330569,0.218911542330569,0.759503413601082
"1133",1133,0.363171453099814,0.419972741169971,0.834296447506121,0.563027558696885,0.0479222633655485,0.218911542330569,0.218911542330569,-1.23917124661981
"1134",1134,0.795593177709728,0.860559903219459,0.331587177961999,0.563027558696885,0.0479222633655485,0.218911542330569,0.218911542330569,1.0572324248915
"1135",1135,0.00703351757966448,0.35358792953298,0.316060340725133,0.563027558696885,0.0479222633655485,0.218911542330569,0.218911542330569,1.12815987381249
"1136",1136,0.484650168699212,0.0833507012174232,0.683826107467401,0.563027558696885,0.0479222633655485,0.218911542330569,0.218911542330569,-0.551814433741019
"1137",1137,0.787490579594858,0.482273924315697,0.822958998884598,0.563027558696885,0.0479222633655485,0.218911542330569,0.218911542330569,-1.1873811559703
"1138",1138,0.512876385551179,0.844778754793922,0.556139810108545,0.563027558696885,0.0479222633655485,0.218911542330569,0.218911542330569,0.0314636154631772
"1139",1139,0.0450576518924208,0.670860754145891,0.345275741709101,0.563027558696885,0.0479222633655485,0.218911542330569,0.218911542330569,0.994702310666499
"1140",1140,0.339153649418731,0.210302342669689,0.736318436815349,0.563027558696885,0.0479222633655485,0.218911542330569,0.218911542330569,-0.791602289553032
"1141",1141,0.126797416982125,0.794423145914683,0.354485715546959,0.563027558696885,0.0479222633655485,0.218911542330569,0.218911542330569,0.952630642175166
"1142",1142,0.816823317482136,0.65130886159488,0.629126559382431,0.563027558696885,0.0479222633655485,0.218911542330569,0.218911542330569,-0.301943880993414
"1143",1143,0.277636841937434,0.321520578190801,0.695577613184743,0.563027558696885,0.0479222633655485,0.218911542330569,0.218911542330569,-0.605495960042617
"1144",1144,0.499148060774314,0.775364489795407,0.663999241337518,0.563027558696885,0.0479222633655485,0.218911542330569,0.218911542330569,-0.461244215657482
"1145",1145,0.058415122529841,0.347484583355486,0.363972209326072,0.563027558696885,0.0479222633655485,0.218911542330569,0.218911542330569,0.909295815340006
"1146",1146,0.402256186038139,0.402471240480896,0.884921262783221,0.563027558696885,0.0479222633655485,0.218911542330569,0.218911542330569,-1.4704281951486
"1147",1147,0.490080364056397,0.0176102293658769,0.622158364853918,0.563027558696885,0.0479222633655485,0.218911542330569,0.218911542330569,-0.270112784038322
"1148",1148,0.892970693332376,0.485742231762968,0.665263287909475,0.563027558696885,0.0479222633655485,0.218911542330569,0.218911542330569,-0.467018450119949
"1149",1149,0.926862887452706,0.600001290879096,0.53116475437314,0.563027558696885,0.0479222633655485,0.218911542330569,0.218911542330569,0.14555104762649
"1150",1150,0.938438959731255,0.506975582982646,0.591183480499177,0.563027558696885,0.0479222633655485,0.218911542330569,0.218911542330569,-0.128617803805772
"1151",1151,0.682543315220857,0.704570876417216,0.720480332839853,0.563027558696885,0.0479222633655485,0.218911542330569,0.218911542330569,-0.719252957001259
"1152",1152,0.119094532986055,0.855857235357515,0.354866242399157,0.563027558696885,0.0479222633655485,0.218911542330569,0.218911542330569,0.95089237452538
"1153",1153,0.433635308905272,0.966376703573391,0.389606950234685,0.563027558696885,0.0479222633655485,0.218911542330569,0.218911542330569,0.792194904918832
"1154",1154,0.5765824082318,0.170778527224436,0.721697400312893,0.563027558696885,0.0479222633655485,0.218911542330569,0.218911542330569,-0.724812588348619
"1155",1155,0.685969474129495,0.353113428863231,0.869200401723119,0.563027558696885,0.0479222633655485,0.218911542330569,0.218911542330569,-1.39861443470119
"1156",1156,0.771182020699256,0.292696700910572,0.681761651387371,0.563027558696885,0.0479222633655485,0.218911542330569,0.218911542330569,-0.542383884497011
"1157",1157,0.155222700019251,0.83718707691005,0.358274003053299,0.563027558696885,0.0479222633655485,0.218911542330569,0.218911542330569,0.935325535893381
"1158",1158,0.13827315972466,0.485075024017598,0.44661625311538,0.563027558696885,0.0479222633655485,0.218911542330569,0.218911542330569,0.531773264863838
"1159",1159,0.929772724030074,0.404279583821073,0.585625326014664,0.563027558696885,0.0479222633655485,0.218911542330569,0.218911542330569,-0.103227847546088
"1160",1160,0.232643185096211,0.445755403986434,0.610915412424995,0.563027558696885,0.0479222633655485,0.218911542330569,0.218911542330569,-0.218754357208797
"1161",1161,0.206577233347809,0.678393818747951,0.456305236428263,0.563027558696885,0.0479222633655485,0.218911542330569,0.218911542330569,0.487513454669582
"1162",1162,0.365956086002756,0.22453814613726,0.76796556038545,0.563027558696885,0.0479222633655485,0.218911542330569,0.218911542330569,-0.936168095600445
"1163",1163,0.647248696733615,0.0091132856416516,0.431360081803788,0.563027558696885,0.0479222633655485,0.218911542330569,0.218911542330569,0.601464296908893
"1164",1164,0.555759814672405,0.120986471662065,0.677467698985105,0.563027558696885,0.0479222633655485,0.218911542330569,0.218911542330569,-0.522768873079377
"1165",1165,0.579580100267078,0.492266016995651,0.998509029377626,0.563027558696885,0.0479222633655485,0.218911542330569,0.218911542330569,-1.98930337817975
"1166",1166,0.796076531644561,0.779462362898514,0.446399878223344,0.563027558696885,0.0479222633655485,0.218911542330569,0.218911542330569,0.532761677305377
"1167",1167,0.491374484406086,0.961945073769544,0.398473533372363,0.563027558696885,0.0479222633655485,0.218911542330569,0.218911542330569,0.751691864086527
"1168",1168,0.141092629081686,0.348520876896218,0.474508740811964,0.563027558696885,0.0479222633655485,0.218911542330569,0.218911542330569,0.404358842583332
"1169",1169,0.0547447642553598,0.810327726914315,0.353352712169149,0.563027558696885,0.0479222633655485,0.218911542330569,0.218911542330569,0.957806264098743
"1170",1170,0.535394141314435,0.558702076504589,0.961934378394849,0.563027558696885,0.0479222633655485,0.218911542330569,0.218911542330569,-1.82222835512068
"1171",1171,0.19512637314375,0.359019433194189,0.560307031264676,0.563027558696885,0.0479222633655485,0.218911542330569,0.218911542330569,0.0124275193680785
"1172",1172,0.649664623387274,0.737165249350248,0.694528523111698,0.563027558696885,0.0479222633655485,0.218911542330569,0.218911542330569,-0.600703658723664
"1173",1173,0.293550671098637,0.375860695279669,0.725224173598134,0.563027558696885,0.0479222633655485,0.218911542330569,0.218911542330569,-0.740923083243928
"1174",1174,0.507125068094349,0.643387077238527,0.863361169345602,0.563027558696885,0.0479222633655485,0.218911542330569,0.218911542330569,-1.37194049912268
"1175",1175,0.0439773874112871,0.980176204605028,0.439939662524739,0.563027558696885,0.0479222633655485,0.218911542330569,0.218911542330569,0.562272298946559
"1176",1176,0.892379493286367,0.274506521826028,0.480246982467922,0.563027558696885,0.0479222633655485,0.218911542330569,0.218911542330569,0.378146238191313
"1177",1177,0.913434160092031,0.535568981169839,0.614060165151561,0.563027558696885,0.0479222633655485,0.218911542330569,0.218911542330569,-0.233119761120745
"1178",1178,0.0762116236372385,0.584421581780422,0.363499591566722,0.563027558696885,0.0479222633655485,0.218911542330569,0.218911542330569,0.911454759333175
"1179",1179,0.734493864421849,0.679198613299872,0.702264981446422,0.563027558696885,0.0479222633655485,0.218911542330569,0.218911542330569,-0.63604422712111
"1180",1180,0.432096998368506,0.00896832176588941,0.640051547718735,0.563027558696885,0.0479222633655485,0.218911542330569,0.218911542330569,-0.351849830309721
"1181",1181,0.890350967284176,0.681789528403897,0.466855571850134,0.563027558696885,0.0479222633655485,0.218911542330569,0.218911542330569,0.439318940531358
"1182",1182,0.0170839935459662,0.122780808475451,0.387312685261365,0.563027558696885,0.0479222633655485,0.218911542330569,0.218911542330569,0.802675233863094
"1183",1183,0.134556008325191,0.185192737997859,0.486291882840378,0.563027558696885,0.0479222633655485,0.218911542330569,0.218911542330569,0.350532799867774
"1184",1184,0.674151016595657,0.0348156260431279,0.422456295790162,0.563027558696885,0.0479222633655485,0.218911542330569,0.218911542330569,0.64213728253055
"1185",1185,0.616965277664596,0.0292246227827854,0.499816267704255,0.563027558696885,0.0479222633655485,0.218911542330569,0.218911542330569,0.288752663837055
"1186",1186,0.481347765020095,0.451717107690405,0.967946389464978,0.563027558696885,0.0479222633655485,0.218911542330569,0.218911542330569,-1.8496915532971
"1187",1187,0.418327254107804,0.867920997681911,0.489258200268214,0.563027558696885,0.0479222633655485,0.218911542330569,0.218911542330569,0.336982498242487
"1188",1188,0.438806392024737,0.350375010539079,0.903330192653217,0.563027558696885,0.0479222633655485,0.218911542330569,0.218911542330569,-1.55452120218703
"1189",1189,0.5435356734948,0.419252988925902,0.988195637997374,0.563027558696885,0.0479222633655485,0.218911542330569,0.218911542330569,-1.94219123749291
"1190",1190,0.719100129646016,0.973921801603748,0.304526578454174,0.563027558696885,0.0479222633655485,0.218911542330569,0.218911542330569,1.18084673604081
"1191",1191,0.801218127874541,0.157884836860001,0.413164498844658,0.563027558696885,0.0479222633655485,0.218911542330569,0.218911542330569,0.684582723490775
"1192",1192,0.300630072428728,0.634203419864876,0.622748245865111,0.563027558696885,0.0479222633655485,0.218911542330569,0.218911542330569,-0.272807393033869
"1193",1193,0.221198320236872,0.306347970676026,0.605816109307166,0.563027558696885,0.0479222633655485,0.218911542330569,0.218911542330569,-0.195460459301263
"1194",1194,0.808777102130232,0.993425288014696,0.235629411348147,0.563027558696885,0.0479222633655485,0.218911542330569,0.218911542330569,1.4955727955831
"1195",1195,0.698171356194653,0.489994219300337,0.931612708970934,0.563027558696885,0.0479222633655485,0.218911542330569,0.218911542330569,-1.68371729672191
"1196",1196,0.88596888587391,0.828194133368554,0.251567482514474,0.563027558696885,0.0479222633655485,0.218911542330569,0.218911542330569,1.42276680738966
"1197",1197,0.321862410523579,0.109518183120643,0.670476162467893,0.563027558696885,0.0479222633655485,0.218911542330569,0.218911542330569,-0.490831148632421
"1198",1198,0.101495922695729,0.447788954935269,0.403177280706338,0.563027558696885,0.0479222633655485,0.218911542330569,0.218911542330569,0.730204886817543
"1199",1199,0.905546068710624,0.930374631737592,0.153577991212605,0.563027558696885,0.0479222633655485,0.218911542330569,0.218911542330569,1.87038820852117
"1200",1200,0.989812533503282,0.382439768956043,0.48678040821279,0.563027558696885,0.0479222633655485,0.218911542330569,0.218911542330569,0.348301189020712
"1201",1201,0.789625568620511,0.901840845752973,0.295701523060395,0.563027558696885,0.0479222633655485,0.218911542330569,0.218911542330569,1.22116007584841
"1202",1202,0.937793243277003,0.280870610356098,0.43014314729509,0.563027558696885,0.0479222633655485,0.218911542330569,0.218911542330569,0.607023320867805
"1203",1203,0.960078770475462,0.379948571765679,0.523705867831286,0.563027558696885,0.0479222633655485,0.218911542330569,0.218911542330569,0.179623652763914
"1204",1204,0.59743981887144,0.990519689161214,0.353044067385487,0.563027558696885,0.0479222633655485,0.218911542330569,0.218911542330569,0.959216170494614
"1205",1205,0.495674698008574,0.886774007960106,0.491209134168537,0.563027558696885,0.0479222633655485,0.218911542330569,0.218911542330569,0.328070524576991
"1206",1206,0.749737705742358,0.458717148773023,0.871491453094651,0.563027558696885,0.0479222633655485,0.218911542330569,0.218911542330569,-1.40908008373523
"1207",1207,0.0739323124098591,0.950166414755746,0.40339846230624,0.563027558696885,0.0479222633655485,0.218911542330569,0.218911542330569,0.729194517069346
"1208",1208,0.523090988999,0.467885844698059,0.991679485644383,0.563027558696885,0.0479222633655485,0.218911542330569,0.218911542330569,-1.9581056457051
"1209",1209,0.274056317559793,0.734605138813495,0.496636773203979,0.563027558696885,0.0479222633655485,0.218911542330569,0.218911542330569,0.303276770087582
"1210",1210,0.389015674513648,0.208702572332579,0.77514067756614,0.563027558696885,0.0479222633655485,0.218911542330569,0.218911542330569,-0.968944426644037
"1211",1211,0.180434591439553,0.5220883968079,0.498712954376635,0.563027558696885,0.0479222633655485,0.218911542330569,0.218911542330569,0.293792659973732
"1212",1212,0.0367816834565019,0.495022676277789,0.337538644253899,0.563027558696885,0.0479222633655485,0.218911542330569,0.218911542330569,1.03004579860154
"1213",1213,0.288229466581717,0.478701584085007,0.699737351265854,0.563027558696885,0.0479222633655485,0.218911542330569,0.218911542330569,-0.624497873038277
"1214",1214,0.84333121734974,0.912526310368208,0.2290828335384,0.563027558696885,0.0479222633655485,0.218911542330569,0.218911542330569,1.52547792411151
"1215",1215,0.050204465116607,0.247532818631036,0.378927811243793,0.563027558696885,0.0479222633655485,0.218911542330569,0.218911542330569,0.840977800864839
"1216",1216,0.16065177980403,0.400727378990501,0.497193260050704,0.563027558696885,0.0479222633655485,0.218911542330569,0.218911542330569,0.300734707477267
"1217",1217,0.919326336717349,0.349266437971033,0.547961185354893,0.563027558696885,0.0479222633655485,0.218911542330569,0.218911542330569,0.0688240244511225
"1218",1218,0.852446542836376,0.280218940114486,0.545432560325571,0.563027558696885,0.0479222633655485,0.218911542330569,0.218911542330569,0.0803749230579382
"1219",1219,0.146282363768667,0.941158402623376,0.373830042370694,0.563027558696885,0.0479222633655485,0.218911542330569,0.218911542330569,0.864264690257821
"1220",1220,0.569793832567753,0.0618238759695087,0.596373049827639,0.563027558696885,0.0479222633655485,0.218911542330569,0.218911542330569,-0.152324042742343
"1221",1221,0.0685252606576541,0.627744902732666,0.354886403722938,0.563027558696885,0.0479222633655485,0.218911542330569,0.218911542330569,0.950800276486298
"1222",1222,0.964052124618785,0.55596182558604,0.522557365696849,0.563027558696885,0.0479222633655485,0.218911542330569,0.218911542330569,0.184870073862637
"1223",1223,0.848158457313431,0.968266908174381,0.205178807543241,0.563027558696885,0.0479222633655485,0.218911542330569,0.218911542330569,1.63467283334595
"1224",1224,0.197600232127588,0.18368201526464,0.564705450428636,0.563027558696885,0.0479222633655485,0.218911542330569,0.218911542330569,-0.00766470197910904
"1225",1225,0.281578913372243,0.574454482801491,0.638080009478084,0.563027558696885,0.0479222633655485,0.218911542330569,0.218911542330569,-0.342843734881121
"1226",1226,0.435776564838947,0.282479383351281,0.857247442759763,0.563027558696885,0.0479222633655485,0.218911542330569,0.218911542330569,-1.34401265886012
"1227",1227,0.397797789563541,0.455978721419349,0.880381712672308,0.563027558696885,0.0479222633655485,0.218911542330569,0.218911542330569,-1.44969127985129
"1228",1228,0.47559979633498,0.68855341713829,0.783020572512747,0.563027558696885,0.0479222633655485,0.218911542330569,0.218911542330569,-1.00494022139618
"1229",1229,0.720343161959783,0.193459186676424,0.589603042984753,0.563027558696885,0.0479222633655485,0.218911542330569,0.218911542330569,-0.121398278066752
"1230",1230,0.198636406984762,0.126405318447039,0.556864093039581,0.563027558696885,0.0479222633655485,0.218911542330569,0.218911542330569,0.028155051084501
"1231",1231,0.362933791927877,0.852864689778886,0.471200859150306,0.563027558696885,0.0479222633655485,0.218911542330569,0.218911542330569,0.419469428468579
"1232",1232,0.238248838692321,0.388539304922451,0.630927039322415,0.563027558696885,0.0479222633655485,0.218911542330569,0.218911542330569,-0.310168572669402
"1233",1233,0.329599343494396,0.955105501633021,0.377346524478833,0.563027558696885,0.0479222633655485,0.218911542330569,0.218911542330569,0.84820120602715
"1234",1234,0.714397931948421,0.762854243072914,0.582988990657579,0.563027558696885,0.0479222633655485,0.218911542330569,0.218911542330569,-0.0911849222210087
"1235",1235,0.188687356902286,0.649645630195038,0.451485792979512,0.563027558696885,0.0479222633655485,0.218911542330569,0.218911542330569,0.509528938172381
"1236",1236,0.308693368640146,0.431379141197307,0.747160022658962,0.563027558696885,0.0479222633655485,0.218911542330569,0.218911542330569,-0.841127251682446
"1237",1237,0.0279889582581818,0.727312831693329,0.347050352304811,0.563027558696885,0.0479222633655485,0.218911542330569,0.218911542330569,0.986595791582045
"1238",1238,0.635654898190172,0.189723508298397,0.691069795643733,0.563027558696885,0.0479222633655485,0.218911542330569,0.218911542330569,-0.584904000874915
"1239",1239,0.0787097425938118,0.190369867313304,0.422636724684414,0.563027558696885,0.0479222633655485,0.218911542330569,0.218911542330569,0.641313073389583
"1240",1240,0.263688773836126,0.223643261486199,0.656531001699601,0.563027558696885,0.0479222633655485,0.218911542330569,0.218911542330569,-0.427128885061348
"1241",1241,0.264214210522245,0.268125845956383,0.667082000988283,0.563027558696885,0.0479222633655485,0.218911542330569,0.218911542330569,-0.475326431779781
"1242",1242,0.575582687209244,0.410732727699797,0.984284738539238,0.563027558696885,0.0479222633655485,0.218911542330569,0.218911542330569,-1.92432603305234
"1243",1243,0.381030567803071,0.172238536576508,0.745881317492743,0.563027558696885,0.0479222633655485,0.218911542330569,0.218911542330569,-0.835286055952857
"1244",1244,0.334776932286215,0.669547753267572,0.641061872423394,0.563027558696885,0.0479222633655485,0.218911542330569,0.218911542330569,-0.356465049287683
"1245",1245,0.755541666248464,0.765846893263748,0.525276036209636,0.563027558696885,0.0479222633655485,0.218911542330569,0.218911542330569,0.172451037004901
"1246",1246,0.66704402748344,0.797958190941368,0.572459478148608,0.563027558696885,0.0479222633655485,0.218911542330569,0.218911542330569,-0.0430855282974536
"1247",1247,0.65392296957178,0.276647881297278,0.801152103753363,0.563027558696885,0.0479222633655485,0.218911542330569,0.218911542330569,-1.08776605619495
"1248",1248,0.712007808111142,0.407079828556394,0.891861926046641,0.563027558696885,0.0479222633655485,0.218911542330569,0.218911542330569,-1.50213352776619
"1249",1249,0.169303429898224,0.885909055177355,0.360359410797589,0.563027558696885,0.0479222633655485,0.218911542330569,0.218911542330569,0.925799278291391
"1250",1250,0.89095640174055,0.152348909290624,0.282367593687672,0.563027558696885,0.0479222633655485,0.218911542330569,0.218911542330569,1.28207020069047
"1251",1251,0.220716306875111,0.0310109574407106,0.551316024683537,0.563027558696885,0.0479222633655485,0.218911542330569,0.218911542330569,0.0534989333530113
"1252",1252,0.621369244828238,0.0594706167414552,0.53045364013796,0.563027558696885,0.0479222633655485,0.218911542330569,0.218911542330569,0.148799456676142
"1253",1253,0.886273440584424,0.0574014590380248,0.150135184389856,0.563027558696885,0.0479222633655485,0.218911542330569,0.218911542330569,1.88611513998443
"1254",1254,0.555195601758314,0.741307593623176,0.729388410818195,0.563027558696885,0.0479222633655485,0.218911542330569,0.218911542330569,-0.759945548554473
"1255",1255,0.479893747214694,0.59733235385688,0.896347305284883,0.563027558696885,0.0479222633655485,0.218911542330569,0.218911542330569,-1.52262298752921
"1256",1256,0.672538407350425,0.930866686849273,0.373503165270975,0.563027558696885,0.0479222633655485,0.218911542330569,0.218911542330569,0.865757882879092
"1257",1257,0.646778768071788,0.238795821976266,0.752599337635169,0.563027558696885,0.0479222633655485,0.218911542330569,0.218911542330569,-0.865974342513286
"1258",1258,0.935916364861303,0.562192873283057,0.558641986114128,0.563027558696885,0.0479222633655485,0.218911542330569,0.218911542330569,0.020033537455666
"1259",1259,0.409437201436376,0.134497193108429,0.731596138527147,0.563027558696885,0.0479222633655485,0.218911542330569,0.218911542330569,-0.770030570501914
"1260",1260,0.357102830401156,0.991076561903581,0.365198726252688,0.563027558696885,0.0479222633655485,0.218911542330569,0.218911542330569,0.903693018367502
"1261",1261,0.606912177503342,0.313551069774316,0.887424471778585,0.563027558696885,0.0479222633655485,0.218911542330569,0.218911542330569,-1.48186299191041
"1262",1262,0.434091653481009,0.606917289396981,0.84148286321784,0.563027558696885,0.0479222633655485,0.218911542330569,0.218911542330569,-1.27199918997634
"1263",1263,0.549097645504633,0.510748827369069,0.991824262834323,0.563027558696885,0.0479222633655485,0.218911542330569,0.218911542330569,-1.95876699589431
"1264",1264,0.77003067196277,0.426792027813965,0.832940567666228,0.563027558696885,0.0479222633655485,0.218911542330569,0.218911542330569,-1.23297751272411
"1265",1265,0.49448937733483,0.745926697315648,0.708860140925931,0.563027558696885,0.0479222633655485,0.218911542330569,0.218911542330569,-0.666171279396636
"1266",1266,0.174193708380917,0.766976975740283,0.382204406479091,0.563027558696885,0.0479222633655485,0.218911542330569,0.218911542330569,0.826010133100888
"1267",1267,0.0596652221673867,0.755048892055289,0.346649081729399,0.563027558696885,0.0479222633655485,0.218911542330569,0.218911542330569,0.988428817703646
"1268",1268,0.029785975097795,0.394604928255663,0.330525001975688,0.563027558696885,0.0479222633655485,0.218911542330569,0.218911542330569,1.06208450338404
"1269",1269,0.45393678084889,0.746737884206814,0.682644009821857,0.563027558696885,0.0479222633655485,0.218911542330569,0.218911542330569,-0.546414546494512
"1270",1270,0.844138812814024,0.661499874533387,0.571074038390848,0.563027558696885,0.0479222633655485,0.218911542330569,0.218911542330569,-0.0367567630664826
"1271",1271,0.5590835624506,0.363741994149168,0.95497685267337,0.563027558696885,0.0479222633655485,0.218911542330569,0.218911542330569,-1.79044599386459
"1272",1272,0.849524610127439,0.0330264346821932,0.162275412899596,0.563027558696885,0.0479222633655485,0.218911542330569,0.218911542330569,1.83065790652615
"1273",1273,0.102617198063992,0.168367203912232,0.451356354734789,0.563027558696885,0.0479222633655485,0.218911542330569,0.218911542330569,0.510120219213778
"1274",1274,0.388466057342826,0.727586190813687,0.645279938939745,0.563027558696885,0.0479222633655485,0.218911542330569,0.218911542330569,-0.375733409792774
"1275",1275,0.128092472852208,0.623721887390246,0.397677991022912,0.563027558696885,0.0479222633655485,0.218911542330569,0.218911542330569,0.755325945419021
"1276",1276,0.645462658224045,0.914963210317423,0.410560210754005,0.563027558696885,0.0479222633655485,0.218911542330569,0.218911542330569,0.696479255135143
"1277",1277,0.0827624137663515,0.125765800223919,0.435887440497597,0.563027558696885,0.0479222633655485,0.218911542330569,0.218911542330569,0.580783072677361
"1278",1278,0.662098092507455,0.874654228184372,0.453354204085002,0.563027558696885,0.0479222633655485,0.218911542330569,0.218911542330569,0.500993933185441
"1279",1279,0.184777111242525,0.912076905729482,0.363371052843152,0.563027558696885,0.0479222633655485,0.218911542330569,0.218911542330569,0.91204193131233
"1280",1280,0.828256957657402,0.0864246909331996,0.263135091513854,0.563027558696885,0.0479222633655485,0.218911542330569,0.218911542330569,1.36992533143902
"1281",1281,0.815034987075604,0.752865299010882,0.462735702081682,0.563027558696885,0.0479222633655485,0.218911542330569,0.218911542330569,0.45813873287575
"1282",1282,0.749355042491923,0.383308516703779,0.827288009844387,0.563027558696885,0.0479222633655485,0.218911542330569,0.218911542330569,-1.20715631681245
"1283",1283,0.873912112639751,0.619419850599603,0.587421797899044,0.563027558696885,0.0479222633655485,0.218911542330569,0.218911542330569,-0.111434230203003
"1284",1284,0.557347884996096,0.542093054232304,0.978270635893714,0.563027558696885,0.0479222633655485,0.218911542330569,0.218911542330569,-1.89685328044415
"1285",1285,0.449087841529516,0.786504634814453,0.620318034520225,0.563027558696885,0.0479222633655485,0.218911542330569,0.218911542330569,-0.261706053565819
"1286",1286,0.573043032359448,0.688091883691377,0.813930894661444,0.563027558696885,0.0479222633655485,0.218911542330569,0.218911542330569,-1.14614027791043
"1287",1287,0.403940050199977,0.635253343434306,0.774816292146788,0.563027558696885,0.0479222633655485,0.218911542330569,0.218911542330569,-0.967462616156118
"1288",1288,0.25392830732197,0.527800453385804,0.618075444695385,0.563027558696885,0.0479222633655485,0.218911542330569,0.218911542330569,-0.251461779550091
"1289",1289,0.768741762613528,0.0770664985374315,0.335183814504724,0.563027558696885,0.0479222633655485,0.218911542330569,0.218911542330569,1.04080279078252
"1290",1290,0.547750570293516,0.0819153081752593,0.64036126375602,0.563027558696885,0.0479222633655485,0.218911542330569,0.218911542330569,-0.35326463025123
"1291",1291,0.4656756992304,0.260674481415539,0.8526530976432,0.563027558696885,0.0479222633655485,0.218911542330569,0.218911542330569,-1.32302543695464
"1292",1292,0.583558930867701,0.123832533270353,0.655437046673931,0.563027558696885,0.0479222633655485,0.218911542330569,0.218911542330569,-0.42213163816416
"1293",1293,0.591020607770653,0.553116969214985,0.970381479912721,0.563027558696885,0.0479222633655485,0.218911542330569,0.218911542330569,-1.86081518077612
"1294",1294,0.242051640918478,0.0827399786981987,0.589619234300888,0.563027558696885,0.0479222633655485,0.218911542330569,0.218911542330569,-0.121472240891931
"1295",1295,0.545707438635523,0.0214804593686713,0.578755952069693,0.563027558696885,0.0479222633655485,0.218911542330569,0.218911542330569,-0.0718481684673218
"1296",1296,0.284497900229995,0.78081274027878,0.469302549947978,0.563027558696885,0.0479222633655485,0.218911542330569,0.218911542330569,0.428141009610982
"1297",1297,0.563967347654863,0.601729447784252,0.928793993106665,0.563027558696885,0.0479222633655485,0.218911542330569,0.218911542330569,-1.67084124718034
"1298",1298,0.710226810578955,0.134827012492926,0.509843205411246,0.563027558696885,0.0479222633655485,0.218911542330569,0.218911542330569,0.242949059329762
"1299",1299,0.90352452228684,0.394202976421337,0.61602137444932,0.563027558696885,0.0479222633655485,0.218911542330569,0.218911542330569,-0.242078673368494
"1300",1300,0.566075809981907,0.310014211654081,0.902049350224518,0.563027558696885,0.0479222633655485,0.218911542330569,0.218911542330569,-1.54867024332454
"1301",1301,0.240708548919298,0.716985657217796,0.470846236263026,0.563027558696885,0.0479222633655485,0.218911542330569,0.218911542330569,0.42108936537782
"1302",1302,0.20440583324898,0.497160866946448,0.546238574691366,0.563027558696885,0.0479222633655485,0.218911542330569,0.218911542330569,0.0766930049771732
"1303",1303,0.0960019069554983,0.840678460064111,0.353406528018553,0.563027558696885,0.0479222633655485,0.218911542330569,0.218911542330569,0.957560430330312
"1304",1304,0.512498824687209,0.0364218684907537,0.623536058723067,0.563027558696885,0.0479222633655485,0.218911542330569,0.218911542330569,-0.276406165622874
"1305",1305,0.139940572381834,0.116231849638745,0.491725946476238,0.563027558696885,0.0479222633655485,0.218911542330569,0.218911542330569,0.32570969744929
"1306",1306,0.147671819776297,0.51355978700018,0.453084988889973,0.563027558696885,0.0479222633655485,0.218911542330569,0.218911542330569,0.502223723045596
"1307",1307,0.71801682360447,0.718909916770062,0.655607193308818,0.563027558696885,0.0479222633655485,0.218911542330569,0.218911542330569,-0.422908877377203
"1308",1308,0.876023905955604,0.981304507573717,0.180662377603421,0.563027558696885,0.0479222633655485,0.218911542330569,0.218911542330569,1.74666523757834
"1309",1309,0.446567335169646,0.54588188907865,0.90609505495249,0.563027558696885,0.0479222633655485,0.218911542330569,0.218911542330569,-1.56715124567326
"1310",1310,0.33266677221912,0.732583498930908,0.571344320651801,0.563027558696885,0.0479222633655485,0.218911542330569,0.218911542330569,-0.0379914273426348
"1311",1311,0.754342529684072,0.0336485656303121,0.296632910592545,0.563027558696885,0.0479222633655485,0.218911542330569,0.218911542330569,1.21690544622845
"1312",1312,0.0955538893232588,0.80599907571543,0.3495691040772,0.563027558696885,0.0479222633655485,0.218911542330569,0.218911542330569,0.975089994557484
"1313",1313,0.213696050817729,0.235418213401688,0.591149530921633,0.563027558696885,0.0479222633655485,0.218911542330569,0.218911542330569,-0.128462720262974
"1314",1314,0.258247653546277,0.422237622328452,0.661271687011265,0.563027558696885,0.0479222633655485,0.218911542330569,0.218911542330569,-0.448784597049824
"1315",1315,0.370512785864179,0.621877542693401,0.742048200074692,0.563027558696885,0.0479222633655485,0.218911542330569,0.218911542330569,-0.817776164161666
"1316",1316,0.463437794273021,0.137416727410164,0.73860358096554,0.563027558696885,0.0479222633655485,0.218911542330569,0.218911542330569,-0.802040954074158
"1317",1317,0.312134184313938,0.229313565515215,0.71697694864933,0.563027558696885,0.0479222633655485,0.218911542330569,0.218911542330569,-0.703249304780707
"1318",1318,0.157418152675149,0.466632937473012,0.479081822361755,0.563027558696885,0.0479222633655485,0.218911542330569,0.218911542330569,0.383468753823712
"1319",1319,0.673817751993192,0.389501425731811,0.916630161763519,0.563027558696885,0.0479222633655485,0.218911542330569,0.218911542330569,-1.61527619467718
"1320",1320,0.948165829565958,0.351232472345582,0.510660375812295,0.563027558696885,0.0479222633655485,0.218911542330569,0.218911542330569,0.239216179864617
"1321",1321,0.298669218230643,0.691680384643725,0.567371790712254,0.563027558696885,0.0479222633655485,0.218911542330569,0.218911542330569,-0.0198446914635908
"1322",1322,0.732687813816126,0.300139515529387,0.745028204685363,0.563027558696885,0.0479222633655485,0.218911542330569,0.218911542330569,-0.831388989593096
"1323",1323,0.457603157394682,0.169085554608959,0.767453873850188,0.563027558696885,0.0479222633655485,0.218911542330569,0.218911542330569,-0.93383068328397
"1324",1324,0.211309934913646,0.0698525934140198,0.55538207390123,0.563027558696885,0.0479222633655485,0.218911542330569,0.218911542330569,0.0349249962530982
"1325",1325,0.16459973659867,0.307739115164033,0.516388655336246,0.563027558696885,0.0479222633655485,0.218911542330569,0.218911542330569,0.213049083041092
"1326",1326,0.605006793338689,0.588131842068397,0.937168425089898,0.563027558696885,0.0479222633655485,0.218911542330569,0.218911542330569,-1.70909611439327
"1327",1327,0.416007472077152,0.707147826536675,0.70267489346931,0.563027558696885,0.0479222633655485,0.218911542330569,0.218911542330569,-0.637916727851424
"1328",1328,0.629188748215092,0.854259472960257,0.508675263402931,0.563027558696885,0.0479222633655485,0.218911542330569,0.218911542330569,0.248284282844616
"1329",1329,0.0259407536182553,0.847425497945631,0.372901840751387,0.563027558696885,0.0479222633655485,0.218911542330569,0.218911542330569,0.868504766452183
"1330",1330,0.856045843661414,0.715570814173552,0.463491100307635,0.563027558696885,0.0479222633655485,0.218911542330569,0.218911542330569,0.454688032113648
"1331",1331,0.543422714924091,0.682670605588937,0.821900930306103,0.563027558696885,0.0479222633655485,0.218911542330569,0.218911542330569,-1.18254784034322
"1332",1332,0.315341191824526,0.00733304649277125,0.614346231879649,0.563027558696885,0.0479222633655485,0.218911542330569,0.218911542330569,-0.234426529713403
"1333",1333,0.029480786983273,0.218245145933237,0.368973255381459,0.563027558696885,0.0479222633655485,0.218911542330569,0.218911542330569,0.886450761113331
"1334",1334,0.884609598217998,0.875880775877158,0.20610430749443,0.563027558696885,0.0479222633655485,0.218911542330569,0.218911542330569,1.63044509852057
"1335",1335,0.993735645876499,0.2664534169205,0.344267849094277,0.563027558696885,0.0479222633655485,0.218911542330569,0.218911542330569,0.999306419723946
"1336",1336,0.420226233067573,0.581966015708167,0.847700540971048,0.563027558696885,0.0479222633655485,0.218911542330569,0.218911542330569,-1.30040188490514
"1337",1337,0.334181899331627,0.85818249114952,0.445638824503284,0.563027558696885,0.0479222633655485,0.218911542330569,0.218911542330569,0.536238212676503
"1338",1338,0.385720293853083,0.323362006368116,0.840157371483764,0.563027558696885,0.0479222633655485,0.218911542330569,0.218911542330569,-1.26594427062415
"1339",1339,0.360502284131944,0.683458300991915,0.662572623775443,0.563027558696885,0.0479222633655485,0.218911542330569,0.218911542330569,-0.454727347945131
"1340",1340,0.896371412674896,0.773337382689351,0.310697868967927,0.563027558696885,0.0479222633655485,0.218911542330569,0.218911542330569,1.15265594058045
"1341",1341,0.547392103734193,0.188455508939456,0.764092198156347,0.563027558696885,0.0479222633655485,0.218911542330569,0.218911542330569,-0.918474363292561
"1342",1342,0.988088294862188,0.660001583106583,0.35809264839579,0.563027558696885,0.0479222633655485,0.218911542330569,0.218911542330569,0.936153973971969
"1343",1343,0.23685733578878,0.171690721974359,0.610771300815673,0.563027558696885,0.0479222633655485,0.218911542330569,0.218911542330569,-0.218096047428564
"1344",1344,0.0986957313132007,0.476194798415527,0.396379084762946,0.563027558696885,0.0479222633655485,0.218911542330569,0.218911542330569,0.76125942085909
"1345",1345,0.509915367538109,0.135585248179035,0.723472657562269,0.563027558696885,0.0479222633655485,0.218911542330569,0.218911542330569,-0.732922061382687
"1346",1346,0.596405384577345,0.225635978068342,0.779493377576655,0.563027558696885,0.0479222633655485,0.218911542330569,0.218911542330569,-0.988827800376529
"1347",1347,0.259254865203751,0.365885704825865,0.668317708256583,0.563027558696885,0.0479222633655485,0.218911542330569,0.218911542330569,-0.480971210740016
"1348",1348,0.385058966188575,0.887010338924127,0.449692214722057,0.563027558696885,0.0479222633655485,0.218911542330569,0.218911542330569,0.517722102581897
"1349",1349,0.604171556941583,0.871268513567862,0.496392842791606,0.563027558696885,0.0479222633655485,0.218911542330569,0.218911542330569,0.304391057665917
"1350",1350,0.413299326271401,0.0304248454152839,0.65763769706441,0.563027558696885,0.0479222633655485,0.218911542330569,0.218911542330569,-0.432184330530449
"1351",1351,0.928049092323054,0.191339422957622,0.300387687452409,0.563027558696885,0.0479222633655485,0.218911542330569,0.218911542330569,1.19975341842814
"1352",1352,0.039754001630703,0.78504452668142,0.351934594715658,0.563027558696885,0.0479222633655485,0.218911542330569,0.218911542330569,0.964284302846236
"1353",1353,0.48984890147869,0.827196753005381,0.578603717846266,0.563027558696885,0.0479222633655485,0.218911542330569,0.218911542330569,-0.0711527541378336
"1354",1354,0.315566604810185,0.833261245519389,0.453292971379323,0.563027558696885,0.0479222633655485,0.218911542330569,0.218911542330569,0.501273647562432
"1355",1355,0.460587501755334,0.230369779054425,0.823903915593785,0.563027558696885,0.0479222633655485,0.218911542330569,0.218911542330569,-1.1916975876172
"1356",1356,0.226781774222502,0.899049545965972,0.369929348374974,0.563027558696885,0.0479222633655485,0.218911542330569,0.218911542330569,0.882083275583165
"1357",1357,0.306143341892865,0.270710425518686,0.724653103473885,0.563027558696885,0.0479222633655485,0.218911542330569,0.218911542330569,-0.738314403417505
"1358",1358,0.0356622264819453,0.277160493997275,0.356381329197324,0.563027558696885,0.0479222633655485,0.218911542330569,0.218911542330569,0.943971374462811
"1359",1359,0.107023796919733,0.0835484821915161,0.45745217879929,0.563027558696885,0.0479222633655485,0.218911542330569,0.218911542330569,0.482274158656149
"1360",1360,0.748800316214212,0.821324749125866,0.443447939640405,0.563027558696885,0.0479222633655485,0.218911542330569,0.218911542330569,0.546246295574072
"1361",1361,0.254103051681654,0.0246071428591385,0.578107448896217,0.563027558696885,0.0479222633655485,0.218911542330569,0.218911542330569,-0.0688857702010088
"1362",1362,0.497406671967474,0.523484469180927,0.963862368210248,0.563027558696885,0.0479222633655485,0.218911542330569,0.218911542330569,-1.8310355189407
"1363",1363,0.208631137687247,0.618318868935807,0.495038740078346,0.563027558696885,0.0479222633655485,0.218911542330569,0.218911542330569,0.310576673549136
"1364",1364,0.865831626517465,0.00576552166463807,0.109223528644138,0.563027558696885,0.0479222633655485,0.218911542330569,0.218911542330569,2.07300184001937
"1365",1365,0.214357702059671,0.267461406547111,0.594185591642227,0.563027558696885,0.0479222633655485,0.218911542330569,0.218911542330569,-0.142331613096451
"1366",1366,0.00632142947951797,0.430346771695884,0.313699306241358,0.563027558696885,0.0479222633655485,0.218911542330569,0.218911542330569,1.13894520956335
"1367",1367,0.37963294063136,0.825044575473294,0.514951534354145,0.563027558696885,0.0479222633655485,0.218911542330569,0.218911542330569,0.219613930955466
"1368",1368,0.843826665074448,0.758156483108178,0.41139711600806,0.563027558696885,0.0479222633655485,0.218911542330569,0.218911542330569,0.69265622577294
"1369",1369,0.967143324792036,0.325780859223567,0.455613626037075,0.563027558696885,0.0479222633655485,0.218911542330569,0.218911542330569,0.490672769084093
"1370",1370,0.994070821690955,0.71452346762293,0.264860750368349,0.563027558696885,0.0479222633655485,0.218911542330569,0.218911542330569,1.36204242660849
"1371",1371,0.156526796862017,0.372106579984305,0.495122143130952,0.563027558696885,0.0479222633655485,0.218911542330569,0.218911542330569,0.31019568380452
"1372",1372,0.607889546645805,0.098670291863149,0.596861273195216,0.563027558696885,0.0479222633655485,0.218911542330569,0.218911542330569,-0.154554274014662
"1373",1373,0.643857397044543,0.486804757229052,0.976292642289054,0.563027558696885,0.0479222633655485,0.218911542330569,0.218911542330569,-1.8878176965567
"1374",1374,0.923656802745885,0.872962495510932,0.159995821442794,0.563027558696885,0.0479222633655485,0.218911542330569,0.218911542330569,1.8410712060376
"1375",1375,0.509183415282518,0.608221587487846,0.905340449519387,0.563027558696885,0.0479222633655485,0.218911542330569,0.218911542330569,-1.56370416643262
"1376",1376,0.393643461421016,0.759216663748841,0.610361522480324,0.563027558696885,0.0479222633655485,0.218911542330569,0.218911542330569,-0.216224157390303
"1377",1377,0.556068489176221,0.271751930777216,0.861625810229398,0.563027558696885,0.0479222633655485,0.218911542330569,0.218911542330569,-1.36401328296163
"1378",1378,0.922124902210897,0.725479504771996,0.347837685310801,0.563027558696885,0.0479222633655485,0.218911542330569,0.218911542330569,0.982999210983288
"1379",1379,0.223798325864831,0.562759903524886,0.549247515655279,0.563027558696885,0.0479222633655485,0.218911542330569,0.218911542330569,0.0629479966880751
"1380",1380,0.833579222758766,0.600912905883742,0.674287037715439,0.563027558696885,0.0479222633655485,0.218911542330569,0.218911542330569,-0.50823943696192
"1381",1381,0.0758098531895084,0.687842900348827,0.351696272011079,0.563027558696885,0.0479222633655485,0.218911542330569,0.218911542330569,0.96537297410606
"1382",1382,0.166511838456383,0.590998247312731,0.45209106369576,0.563027558696885,0.0479222633655485,0.218911542330569,0.218911542330569,0.506764028155284
"1383",1383,0.348972937443992,0.127241563839256,0.698754808221465,0.563027558696885,0.0479222633655485,0.218911542330569,0.218911542330569,-0.620009562216797
"1384",1384,0.92641869107727,0.964541358655086,0.129919648596336,0.563027558696885,0.0479222633655485,0.218911542330569,0.218911542330569,1.97846082252955
"1385",1385,0.121220355061931,0.962208709940664,0.390805911506659,0.563027558696885,0.0479222633655485,0.218911542330569,0.218911542330569,0.786717983696636
"1386",1386,0.0204560017003678,0.179422554063261,0.37437192738464,0.563027558696885,0.0479222633655485,0.218911542330569,0.218911542330569,0.861789329625042
"1387",1387,0.962110879511223,0.459112283295137,0.562437005449032,0.563027558696885,0.0479222633655485,0.218911542330569,0.218911542330569,0.00269767980968905
"1388",1388,0.946627087199246,0.698105549219414,0.356389366578618,0.563027558696885,0.0479222633655485,0.218911542330569,0.218911542330569,0.943934659261737
"1389",1389,0.282789134805673,0.537893232626841,0.662932965332111,0.563027558696885,0.0479222633655485,0.218911542330569,0.218911542330569,-0.456373408051564
"1390",1390,0.57020413039194,0.828521078804857,0.578771784979321,0.563027558696885,0.0479222633655485,0.218911542330569,0.218911542330569,-0.0719204940718078
"1391",1391,0.370432128953515,0.589624423044035,0.771467803317812,0.563027558696885,0.0479222633655485,0.218911542330569,0.218911542330569,-0.952166534490768
"1392",1392,0.944308276079595,0.621359542303835,0.477024244234084,0.563027558696885,0.0479222633655485,0.218911542330569,0.218911542330569,0.392867884201972
"1393",1393,0.0666478387532989,0.407723901264486,0.365653530900414,0.563027558696885,0.0479222633655485,0.218911542330569,0.218911542330569,0.901615445650759
"1394",1394,0.619748431447544,0.371072842057678,0.940560935172647,0.563027558696885,0.0479222633655485,0.218911542330569,0.218911542330569,-1.72459328757396
"1395",1395,0.669373409035616,0.0792690093158744,0.488502600495421,0.563027558696885,0.0479222633655485,0.218911542330569,0.218911542330569,0.340434119681671
"1396",1396,0.103862502512871,0.584888275513309,0.385374363210334,0.563027558696885,0.0479222633655485,0.218911542330569,0.218911542330569,0.811529595905384
"1397",1397,0.50644164093479,0.913167860974208,0.456219457088841,0.563027558696885,0.0479222633655485,0.218911542330569,0.218911542330569,0.487905299423443
"1398",1398,0.666616780140088,0.334701894369326,0.866663879197823,0.563027558696885,0.0479222633655485,0.218911542330569,0.218911542330569,-1.38702745989716
"1399",1399,0.345507880061748,0.52546110962925,0.776939918692944,0.563027558696885,0.0479222633655485,0.218911542330569,0.218911542330569,-0.977163459353089
"1400",1400,0.715399610293098,0.607953497910406,0.830024254110609,0.563027558696885,0.0479222633655485,0.218911542330569,0.218911542330569,-1.2196556315452
"1401",1401,0.68122886288201,0.181318651313428,0.623009111505938,0.563027558696885,0.0479222633655485,0.218911542330569,0.218911542330569,-0.273999041669888
"1402",1402,0.301952499048319,0.168550242985017,0.6810691958614,0.563027558696885,0.0479222633655485,0.218911542330569,0.218911542330569,-0.539220709460195
"1403",1403,0.878407503544702,0.918750065260916,0.187213549866788,0.563027558696885,0.0479222633655485,0.218911542330569,0.218911542330569,1.71673912133238
"1404",1404,0.187646887272131,0.550549150124425,0.498659171251846,0.563027558696885,0.0479222633655485,0.218911542330569,0.218911542330569,0.294038344254316
"1405",1405,0.579162074179971,0.721738448850345,0.758731910764266,0.563027558696885,0.0479222633655485,0.218911542330569,0.218911542330569,-0.89398827482498
"1406",1406,0.535934033499565,0.586645694472129,0.938687680091089,0.563027558696885,0.0479222633655485,0.218911542330569,0.218911542330569,-1.71603615503716
"1407",1407,0.3801226659409,0.480290279216948,0.850342399146259,0.563027558696885,0.0479222633655485,0.218911542330569,0.218911542330569,-1.31247003876804
"1408",1408,0.836246886745677,0.303401440000511,0.604858813905945,0.563027558696885,0.0479222633655485,0.218911542330569,0.218911542330569,-0.191087481106375
"1409",1409,0.798332270894083,0.344050472510979,0.716570784018857,0.563027558696885,0.0479222633655485,0.218911542330569,0.218911542330569,-0.701393922345643
"1410",1410,0.610193486119853,0.730734243249288,0.732029969939676,0.563027558696885,0.0479222633655485,0.218911542330569,0.218911542330569,-0.772012336323443
"1411",1411,0.807645314823254,0.436565044294344,0.785272851587378,0.563027558696885,0.0479222633655485,0.218911542330569,0.218911542330569,-1.01522875643939
"1412",1412,0.848601165673113,0.36838988224417,0.672262243671427,0.563027558696885,0.0479222633655485,0.218911542330569,0.218911542330569,-0.498990066086106
"1413",1413,0.875577461994835,0.55930496965663,0.653911678591585,0.563027558696885,0.0479222633655485,0.218911542330569,0.218911542330569,-0.415163672628371
"1414",1414,0.631894689812092,0.685317058877437,0.795142512950896,0.563027558696885,0.0479222633655485,0.218911542330569,0.218911542330569,-1.06031391393472
"1415",1415,0.219072675455129,0.960421685415087,0.368167624592053,0.563027558696885,0.0479222633655485,0.218911542330569,0.218911542330569,0.890130926995993
"1416",1416,0.995383964181994,0.0627941326985601,0.0610904643143365,0.563027558696885,0.0479222633655485,0.218911542330569,0.218911542330569,2.29287633278192
"1417",1417,0.953330574122374,0.0805284016801743,0.113507662132581,0.563027558696885,0.0479222633655485,0.218911542330569,0.218911542330569,2.05343168194166
"1418",1418,0.492361645991914,0.425299510153593,0.971452121679876,0.563027558696885,0.0479222633655485,0.218911542330569,0.218911542330569,-1.8657059314225
"1419",1419,0.36115561360016,0.719255109966849,0.622341026705749,0.563027558696885,0.0479222633655485,0.218911542330569,0.218911542330569,-0.270947193452674
"1420",1420,0.70994167728594,0.0277295033172704,0.357591620322975,0.563027558696885,0.0479222633655485,0.218911542330569,0.218911542330569,0.938442697844091
"1421",1421,0.739009838831495,0.151642208875623,0.494332270526662,0.563027558696885,0.0479222633655485,0.218911542330569,0.218911542330569,0.313803865428389
"1422",1422,0.116414671466802,0.33616126141022,0.439943340989125,0.563027558696885,0.0479222633655485,0.218911542330569,0.218911542330569,0.562255495518349
"1423",1423,0.705068049941212,0.933328133644187,0.346556362433265,0.563027558696885,0.0479222633655485,0.218911542330569,0.218911542330569,0.98885236456256
"1424",1424,0.856864811186679,0.144640425529797,0.313752787892997,0.563027558696885,0.0479222633655485,0.218911542330569,0.218911542330569,1.13870090242875
"1425",1425,0.911656457964098,0.66242213479802,0.465314058187679,0.563027558696885,0.0479222633655485,0.218911542330569,0.218911542330569,0.446360659967637
"1426",1426,0.600373128144885,0.663651714505744,0.844262257506826,0.563027558696885,0.0479222633655485,0.218911542330569,0.218911542330569,-1.28469561639313
"1427",1427,0.106171140970546,0.656559622332803,0.371603591899959,0.563027558696885,0.0479222633655485,0.218911542330569,0.218911542330569,0.874435238813789
"1428",1428,0.172413490401115,0.162919899756787,0.531762942823896,0.563027558696885,0.0479222633655485,0.218911542330569,0.218911542330569,0.142818489788801
"1429",1429,0.262976171638002,0.804913907205453,0.430910766029502,0.563027558696885,0.0479222633655485,0.218911542330569,0.218911542330569,0.603516796149008
"1430",1430,0.932008377866354,0.0380722969042836,0.0798391501790214,0.563027558696885,0.0479222633655485,0.218911542330569,0.218911542330569,2.20723130161963
"1431",1431,0.650014274803922,0.572568330426817,0.929045106108819,0.563027558696885,0.0479222633655485,0.218911542330569,0.218911542330569,-1.67198834522497
"1432",1432,0.202495766924112,0.813419432266965,0.382779513768198,0.563027558696885,0.0479222633655485,0.218911542330569,0.218911542330569,0.823383011282713
"1433",1433,0.290419651789824,0.1251967281244,0.651702465972547,0.563027558696885,0.0479222633655485,0.218911542330569,0.218911542330569,-0.405071867529752
"1434",1434,0.91076336686383,0.10476240812405,0.187721457060182,0.563027558696885,0.0479222633655485,0.218911542330569,0.218911542330569,1.71441897325802
"1435",1435,0.0860901531249983,0.242055276186438,0.419333602942086,0.563027558696885,0.0479222633655485,0.218911542330569,0.218911542330569,0.656401915700785
"1436",1436,0.726502870347002,0.441587247361545,0.89456502031445,0.563027558696885,0.0479222633655485,0.218911542330569,0.218911542330569,-1.51448141147772
"1437",1437,0.514163239455782,0.724601810428663,0.750324404096711,0.563027558696885,0.0479222633655485,0.218911542330569,0.218911542330569,-0.85558232062975
"1438",1438,0.48561778035562,0.193962738641421,0.790509675985466,0.563027558696885,0.0479222633655485,0.218911542330569,0.218911542330569,-1.03915085914049
"1439",1439,0.433080112095573,0.510286891570198,0.909908838129768,0.563027558696885,0.0479222633655485,0.218911542330569,0.218911542330569,-1.58457281758617
"1440",1440,0.567009920304757,0.935239728761371,0.420580400795,0.563027558696885,0.0479222633655485,0.218911542330569,0.218911542330569,0.650706474338305
"1441",1441,0.444379349451046,0.718161853919155,0.715912797430872,0.563027558696885,0.0479222633655485,0.218911542330569,0.218911542330569,-0.69838820331877
"1442",1442,0.00689168314938433,0.907444413548568,0.411607949495679,0.563027558696885,0.0479222633655485,0.218911542330569,0.218911542330569,0.691693126772428
"1443",1443,0.428751257993048,0.412660466879373,0.916446964480646,0.563027558696885,0.0479222633655485,0.218911542330569,0.218911542330569,-1.6144393393843
"1444",1444,0.406447210404673,0.269627637494355,0.828515019865268,0.563027558696885,0.0479222633655485,0.218911542330569,0.218911542330569,-1.21276136626675
"1445",1445,0.352705364862108,0.0567411188695114,0.660404391521973,0.563027558696885,0.0479222633655485,0.218911542330569,0.218911542330569,-0.444822743416806
"1446",1446,0.863974055557162,0.334215810543625,0.608385626863621,0.563027558696885,0.0479222633655485,0.218911542330569,0.218911542330569,-0.207198157227556
"1447",1447,0.308280567769892,0.499929398065084,0.726503179051378,0.563027558696885,0.0479222633655485,0.218911542330569,0.218911542330569,-0.74676565070121
"1448",1448,0.470968906367663,0.658044858132256,0.820180406365537,0.563027558696885,0.0479222633655485,0.218911542330569,0.218911542330569,-1.17468839208275
"1449",1449,0.983147940879921,0.595349527544575,0.454261813301986,0.563027558696885,0.0479222633655485,0.218911542330569,0.218911542330569,0.496847924220718
"1450",1450,0.520836870472995,0.498081983805518,0.986441470565217,0.563027558696885,0.0479222633655485,0.218911542330569,0.218911542330569,-1.93417810390716
"1451",1451,0.505837134920876,0.272898104100721,0.870944819544699,0.563027558696885,0.0479222633655485,0.218911542330569,0.218911542330569,-1.40658303152806
"1452",1452,0.237076793999993,0.501670656453818,0.600508833915679,0.563027558696885,0.0479222633655485,0.218911542330569,0.218911542330569,-0.17121653257641
"1453",1453,0.175535592045868,0.0930382793314056,0.525292487779636,0.563027558696885,0.0479222633655485,0.218911542330569,0.218911542330569,0.172375885325713
"1454",1454,0.394225334094721,0.373137527541374,0.868578521380448,0.563027558696885,0.0479222633655485,0.218911542330569,0.218911542330569,-1.39577365099444
"1455",1455,0.18200615478796,0.9484294061939,0.369789582450733,0.563027558696885,0.0479222633655485,0.218911542330569,0.218911542330569,0.88272173403425
"1456",1456,0.205924199024797,0.332984722206718,0.580438997002321,0.563027558696885,0.0479222633655485,0.218911542330569,0.218911542330569,-0.0795364105522757
"1457",1457,0.03458876578731,0.00951484292582609,0.403393598088121,0.563027558696885,0.0479222633655485,0.218911542330569,0.218911542330569,0.729216737086013
"1458",1458,0.300373453390435,0.0873215894061141,0.643238730926552,0.563027558696885,0.0479222633655485,0.218911542330569,0.218911542330569,-0.366409059000386
"1459",1459,0.664502121999161,0.760597299904562,0.640282949126247,0.563027558696885,0.0479222633655485,0.218911542330569,0.218911542330569,-0.35290688470278
"1460",1460,0.121912474613637,0.00405378512467723,0.457445648092667,0.563027558696885,0.0479222633655485,0.218911542330569,0.218911542330569,0.48230399128422
"1461",1461,0.201550862834789,0.433624277904397,0.559392068719554,0.563027558696885,0.0479222633655485,0.218911542330569,0.218911542330569,0.0166071187413279
"1462",1462,0.712826766892453,0.0846285005928949,0.431014550673206,0.563027558696885,0.0479222633655485,0.218911542330569,0.218911542330569,0.603042702172057
"1463",1463,0.68001583438809,0.146973106363439,0.57133200122158,0.563027558696885,0.0479222633655485,0.218911542330569,0.218911542330569,-0.0379351515058753
"1464",1464,0.548696330548846,0.218813111917465,0.800521862251276,0.563027558696885,0.0479222633655485,0.218911542330569,0.218911542330569,-1.08488707825082
"1465",1465,0.219609280814533,0.857846049428918,0.376927160625214,0.563027558696885,0.0479222633655485,0.218911542330569,0.218911542330569,0.850116883241582
"1466",1466,0.0814039388881065,0.908104011785472,0.377612241182659,0.563027558696885,0.0479222633655485,0.218911542330569,0.218911542330569,0.846987397467778
"1467",1467,0.830077200087719,0.236711342666415,0.50543460041442,0.563027558696885,0.0479222633655485,0.218911542330569,0.218911542330569,0.263087810123307
"1468",1468,0.0416741396797588,0.465177053562598,0.339952052068541,0.563027558696885,0.0479222633655485,0.218911542330569,0.218911542330569,1.01902121858649
"1469",1469,0.305538976968383,0.401489227778744,0.744701289921536,0.563027558696885,0.0479222633655485,0.218911542330569,0.218911542330569,-0.829895624920102
"1470",1470,0.456824642600259,0.0795033088086639,0.689639040610925,0.563027558696885,0.0479222633655485,0.218911542330569,0.218911542330569,-0.578368232968042
"1471",1471,0.235960384667502,0.132886027096538,0.599550767404795,0.563027558696885,0.0479222633655485,0.218911542330569,0.218911542330569,-0.166840031910048
"1472",1472,0.983878142418107,0.527393230557442,0.515140009904459,0.563027558696885,0.0479222633655485,0.218911542330569,0.218911542330569,0.218752964245773
"1473",1473,0.25715325349581,0.468722962620319,0.647944956115953,0.563027558696885,0.0479222633655485,0.218911542330569,0.218911542330569,-0.387907355249628
"1474",1474,0.75946818413015,0.235817773961811,0.605521095043454,0.563027558696885,0.0479222633655485,0.218911542330569,0.218911542330569,-0.19411281787235
"1475",1475,0.234296421002713,0.787212536396459,0.417775406839455,0.563027558696885,0.0479222633655485,0.218911542330569,0.218911542330569,0.663519841443951
"1476",1476,0.964700934328954,0.49756425323314,0.555720917961115,0.563027558696885,0.0479222633655485,0.218911542330569,0.218911542330569,0.0333771378977203
"1477",1477,0.0817115011311835,0.0541484798750607,0.434671436989477,0.563027558696885,0.0479222633655485,0.218911542330569,0.218911542330569,0.586337843774281
"1478",1478,0.799866817855858,0.128905062954291,0.368079550360053,0.563027558696885,0.0479222633655485,0.218911542330569,0.218911542330569,0.890533254945732
"1479",1479,0.44567654969485,0.311577708406723,0.88431114852063,0.563027558696885,0.0479222633655485,0.218911542330569,0.218911542330569,-1.46764115954465
"1480",1480,0.899230317099718,0.598497383286711,0.575371829974648,0.563027558696885,0.0479222633655485,0.218911542330569,0.218911542330569,-0.0563893120771237
"1481",1481,0.392504240632639,0.567104824437178,0.822267382180607,0.563027558696885,0.0479222633655485,0.218911542330569,0.218911542330569,-1.18422181271856
"1482",1482,0.803993410779396,0.810919573999941,0.386691084089633,0.563027558696885,0.0479222633655485,0.218911542330569,0.218911542330569,0.805514742301591
"1483",1483,0.243424437322887,0.67960170000419,0.501757533273573,0.563027558696885,0.0479222633655485,0.218911542330569,0.218911542330569,0.279884855640873
"1484",1484,0.358009540509665,0.310691458064364,0.803543662814953,0.563027558696885,0.0479222633655485,0.218911542330569,0.218911542330569,-1.09869082990094
"1485",1485,0.645619243776775,0.121940322238719,0.580718422127573,0.563027558696885,0.0479222633655485,0.218911542330569,0.218911542330569,-0.080812839936844
"1486",1486,0.788725178624969,0.951062253740383,0.2627789631354,0.563027558696885,0.0479222633655485,0.218911542330569,0.218911542330569,1.37155214551498
"1487",1487,0.513965225301799,0.0801700096013956,0.664806185789005,0.563027558696885,0.0479222633655485,0.218911542330569,0.218911542330569,-0.464930382420989
"1488",1488,0.887483721942874,0.716371366083506,0.414300320126351,0.563027558696885,0.0479222633655485,0.218911542330569,0.218911542330569,0.679394229226833
"1489",1489,0.904776993027539,0.994018236801494,0.157894858269743,0.563027558696885,0.0479222633655485,0.218911542330569,0.218911542330569,1.85066852169617
"1490",1490,0.0809972055699909,0.51760657961003,0.373316378891093,0.563027558696885,0.0479222633655485,0.218911542330569,0.218911542330569,0.86661113336508
"1491",1491,0.347176476442022,0.164047467803583,0.718309193623761,0.563027558696885,0.0479222633655485,0.218911542330569,0.218911542330569,-0.709335073307335
"1492",1492,0.847910749447765,0.811018717666157,0.32575866570512,0.563027558696885,0.0479222633655485,0.218911542330569,0.218911542330569,1.08385739036764
"1493",1493,0.421874538244563,0.220073905603727,0.801748067983513,0.563027558696885,0.0479222633655485,0.218911542330569,0.218911542330569,-1.09048845367023
"1494",1494,0.10230775368528,0.281234912727727,0.430907970799049,0.563027558696885,0.0479222633655485,0.218911542330569,0.218911542330569,0.603529564915896
"1495",1495,0.119851135834935,0.547441247090581,0.409443745833296,0.563027558696885,0.0479222633655485,0.218911542330569,0.218911542330569,0.70157932847446
"1496",1496,0.587516329600126,0.372667980712024,0.956153527694063,0.563027558696885,0.0479222633655485,0.218911542330569,0.218911542330569,-1.79582111026167
"1497",1497,0.0381513843009016,0.63610278176202,0.343905076114898,0.563027558696885,0.0479222633655485,0.218911542330569,0.218911542330569,1.00096358670343
"1498",1498,0.786153277256642,0.260227306737332,0.608341753396457,0.563027558696885,0.0479222633655485,0.218911542330569,0.218911542330569,-0.206997740809596
"1499",1499,0.974153749381308,0.130102075174218,0.162251477859769,0.563027558696885,0.0479222633655485,0.218911542330569,0.218911542330569,1.83076724310827
"1500",1500,0.859575486516813,0.181569530248409,0.370591042479816,0.563027558696885,0.0479222633655485,0.218911542330569,0.218911542330569,0.879060620414792
"1501",1501,0.142059414859745,0.690482154253987,0.387230533269696,0.563027558696885,0.0479222633655485,0.218911542330569,0.218911542330569,0.803050508692344
"1502",1502,0.911011845469242,0.296202780874446,0.488160822135154,0.563027558696885,0.0479222633655485,0.218911542330569,0.218911542330569,0.341995382083042
"1503",1503,0.766534248717828,0.581113818870275,0.795628107709109,0.563027558696885,0.0479222633655485,0.218911542330569,0.218911542330569,-1.06253213757447
"1504",1504,0.279971028042492,0.896916353793698,0.388693852321926,0.563027558696885,0.0479222633655485,0.218911542330569,0.218911542330569,0.796365986548599
"1505",1505,0.0890041289186338,0.380457573036081,0.395512205702247,0.563027558696885,0.0479222633655485,0.218911542330569,0.218911542330569,0.765219372223326
"1506",1506,0.445494446868426,0.925005865054554,0.43249438579429,0.563027558696885,0.0479222633655485,0.218911542330569,0.218911542330569,0.596282733714801
"1507",1507,0.78474482660403,0.717238302969024,0.568005210608666,0.563027558696885,0.0479222633655485,0.218911542330569,0.218911542330569,-0.0227381884883186
"1508",1508,0.615199469136656,0.440048041370464,0.985517468275146,0.563027558696885,0.0479222633655485,0.218911542330569,0.218911542330569,-1.92995721048037
"1509",1509,0.957899979713955,0.249251537625212,0.357724804597615,0.563027558696885,0.0479222633655485,0.218911542330569,0.218911542330569,0.937834304731411
"1510",1510,0.0431129309649114,0.0811672607015353,0.408684780622359,0.563027558696885,0.0479222633655485,0.218911542330569,0.218911542330569,0.705046323420715
"1511",1511,0.186613386608544,0.462879000661196,0.526954873110988,0.563027558696885,0.0479222633655485,0.218911542330569,0.218911542330569,0.164782017438922
"1512",1512,0.476364504694589,0.555120079159387,0.92895759208278,0.563027558696885,0.0479222633655485,0.218911542330569,0.218911542330569,-1.67158857632696
"1513",1513,0.0515592944746604,0.309160448687035,0.364108783968439,0.563027558696885,0.0479222633655485,0.218911542330569,0.218911542330569,0.908671934840545
"1514",1514,0.117523654320394,0.908680794303189,0.368085726440326,0.563027558696885,0.0479222633655485,0.218911542330569,0.218911542330569,0.890505042270387
"1515",1515,0.150185176058323,0.0355070190971019,0.488124860408768,0.563027558696885,0.0479222633655485,0.218911542330569,0.218911542330569,0.342159657232736
"1516",1516,0.531790764243226,0.655456637485651,0.857895218947495,0.563027558696885,0.0479222633655485,0.218911542330569,0.218911542330569,-1.34697173621546
"1517",1517,0.537004920217441,0.992322404567036,0.36581127261982,0.563027558696885,0.0479222633655485,0.218911542330569,0.218911542330569,0.900894872775859
"1518",1518,0.00519037023710553,0.782070536708576,0.361701375032071,0.563027558696885,0.0479222633655485,0.218911542330569,0.218911542330569,0.919669111648759
"1519",1519,0.189377848484321,0.739741354044876,0.405010442978124,0.563027558696885,0.0479222633655485,0.218911542330569,0.218911542330569,0.721830900447205
"1520",1520,0.299573165502283,0.723369062444195,0.538498760044607,0.563027558696885,0.0479222633655485,0.218911542330569,0.218911542330569,0.112048905193122
"1521",1521,0.316259781299974,0.898101809067419,0.404460251938656,0.563027558696885,0.0479222633655485,0.218911542330569,0.218911542330569,0.724344203462709
"1522",1522,0.151233844460687,0.229849474147777,0.504428371780515,0.563027558696885,0.0479222633655485,0.218911542330569,0.218911542330569,0.267684318024135
"1523",1523,0.881227750997525,0.0887552657887572,0.198607274454805,0.563027558696885,0.0479222633655485,0.218911542330569,0.218911542330569,1.66469195896388
"1524",1524,0.333081491240999,0.787924953866866,0.512886777693263,0.563027558696885,0.0479222633655485,0.218911542330569,0.218911542330569,0.229045853269384
"1525",1525,0.735008555152803,0.871973223004956,0.38773268128317,0.563027558696885,0.0479222633655485,0.218911542330569,0.218911542330569,0.800756668869518
"1526",1526,0.659166021792567,0.205863091762993,0.688748014522978,0.563027558696885,0.0479222633655485,0.218911542330569,0.218911542330569,-0.574297976651445
"1527",1527,0.423914651262923,0.445315031456877,0.91370160914459,0.563027558696885,0.0479222633655485,0.218911542330569,0.218911542330569,-1.601898404782
"1528",1528,0.901402417798527,0.45980320481013,0.652045898703872,0.563027558696885,0.0479222633655485,0.218911542330569,0.218911542330569,-0.406640687189368
"1529",1529,0.963204252210795,0.01009333296353,0.0238691877686815,0.563027558696885,0.0479222633655485,0.218911542330569,0.218911542330569,2.46290517707853
"1530",1530,0.917959253976238,0.79577736347483,0.248468551550223,0.563027558696885,0.0479222633655485,0.218911542330569,0.218911542330569,1.43692289496394
"1531",1531,0.861819393406622,0.439526049375068,0.706233881300393,0.563027558696885,0.0479222633655485,0.218911542330569,0.218911542330569,-0.654174380569016
"1532",1532,0.123868069663178,0.735116586033953,0.363081444822747,0.563027558696885,0.0479222633655485,0.218911542330569,0.218911542330569,0.913364876723622
"1533",1533,0.515070989328204,0.400014151576092,0.973002428029612,0.563027558696885,0.0479222633655485,0.218911542330569,0.218911542330569,-1.87278781633927
"1534",1534,0.783507082460215,0.189169437159086,0.491526186105851,0.563027558696885,0.0479222633655485,0.218911542330569,0.218911542330569,0.326622213839519
"1535",1535,0.992023128726403,0.900725424153381,0.0633690339793729,0.563027558696885,0.0479222633655485,0.218911542330569,0.218911542330569,2.28246770087161
"1536",1536,0.0510204405318946,0.17895255489042,0.398769071542882,0.563027558696885,0.0479222633655485,0.218911542330569,0.218911542330569,0.750341829422422
"1537",1537,0.820013923211256,0.0438816075095674,0.215030886878871,0.563027558696885,0.0479222633655485,0.218911542330569,0.218911542330569,1.58966799152381
"1538",1538,0.896740078487434,0.328930115864263,0.554217960330764,0.563027558696885,0.0479222633655485,0.218911542330569,0.218911542330569,0.0402427312526904
"1539",1539,0.239723344816477,0.992788273307844,0.37026927782297,0.563027558696885,0.0479222633655485,0.218911542330569,0.218911542330569,0.880530459115029
"1540",1540,0.672449915225734,0.302631782818004,0.819218613750686,0.563027558696885,0.0479222633655485,0.218911542330569,0.218911542330569,-1.17029487036795
"1541",1541,0.27736295758863,0.059548605339718,0.612150578397083,0.563027558696885,0.0479222633655485,0.218911542330569,0.218911542330569,-0.224396663498078
"1542",1542,0.132458322535269,0.413279160046601,0.451160841468945,0.563027558696885,0.0479222633655485,0.218911542330569,0.218911542330569,0.511013334596195
"1543",1543,0.148804130498203,0.275063708480564,0.496435423717306,0.563027558696885,0.0479222633655485,0.218911542330569,0.218911542330569,0.304196545648658
"1544",1544,0.744671865019714,0.993875363772735,0.278769041158609,0.563027558696885,0.0479222633655485,0.218911542330569,0.218911542330569,1.29850858713073
"1545",1545,0.728900488345302,0.79396868249739,0.512012009848716,0.563027558696885,0.0479222633655485,0.218911542330569,0.218911542330569,0.233041841033364
"1546",1546,0.688149608569685,0.820168521324405,0.514370624284961,0.563027558696885,0.0479222633655485,0.218911542330569,0.218911542330569,0.222267560193099
"1547",1547,0.268682729597553,0.843359395679203,0.410762876271078,0.563027558696885,0.0479222633655485,0.218911542330569,0.218911542330569,0.695553467874611
"1548",1548,0.301437494759331,0.96786711264425,0.368704189356679,0.563027558696885,0.0479222633655485,0.218911542330569,0.218911542330569,0.887679869555561
"1549",1549,0.192176141432719,0.0231376585011603,0.52272167619972,0.563027558696885,0.0479222633655485,0.218911542330569,0.218911542330569,0.18411949442255
"1550",1550,0.327940975791542,0.642128844931838,0.657983106245823,0.563027558696885,0.0479222633655485,0.218911542330569,0.218911542330569,-0.433762178723083
"1551",1551,0.980442382407491,0.832016730863601,0.12412162798878,0.563027558696885,0.0479222633655485,0.218911542330569,0.218911542330569,2.00494650046973
"1552",1552,0.193338109059958,0.211633410967886,0.561548097702611,0.563027558696885,0.0479222633655485,0.218911542330569,0.218911542330569,0.00675825942535233
"1553",1553,0.9697282306829,0.972889638849767,0.0865182042591264,0.563027558696885,0.0479222633655485,0.218911542330569,0.218911542330569,2.17672101418116
"1554",1554,0.825014057167922,0.201093624925939,0.451830762099063,0.563027558696885,0.0479222633655485,0.218911542330569,0.218911542330569,0.507953100206605
"1555",1555,0.916526621427736,0.140855594479013,0.234515669031236,0.563027558696885,0.0479222633655485,0.218911542330569,0.218911542330569,1.5006604319181
"1556",1556,0.747006086758687,0.706231549708289,0.640115971743698,0.563027558696885,0.0479222633655485,0.218911542330569,0.218911542330569,-0.352144122809226
"1557",1557,0.047428386618034,0.86934211510059,0.372879656726304,0.563027558696885,0.0479222633655485,0.218911542330569,0.218911542330569,0.86860610430238
"1558",1558,0.660098255502293,0.988690669608768,0.328952341952478,0.563027558696885,0.0479222633655485,0.218911542330569,0.218911542330569,1.06926850111421
"1559",1559,0.312939434785047,0.461396707213367,0.748107444907938,0.563027558696885,0.0479222633655485,0.218911542330569,0.218911542330569,-0.8454551287733
"1560",1560,0.0731097908421652,0.44665432439954,0.36988658668894,0.563027558696885,0.0479222633655485,0.218911542330569,0.218911542330569,0.8822786133236
"1561",1561,0.00941458296764176,0.50424190281413,0.323324884526472,0.563027558696885,0.0479222633655485,0.218911542330569,0.218911542330569,1.09497503703321
"1562",1562,0.525630966240191,0.163416377005517,0.746200910917797,0.563027558696885,0.0479222633655485,0.218911542330569,0.218911542330569,-0.836745976346508
"1563",1563,0.715737501599127,0.511032843883033,0.90829407079144,0.563027558696885,0.0479222633655485,0.218911542330569,0.218911542330569,-1.577196471318
"1564",1564,0.735666909077438,0.354143173248158,0.813596207991729,0.563027558696885,0.0479222633655485,0.218911542330569,0.218911542330569,-1.14461141074266
"1565",1565,0.671266926329816,0.630408404086717,0.84648421900548,0.563027558696885,0.0479222633655485,0.218911542330569,0.218911542330569,-1.29484565907703
"1566",1566,0.421320639825892,0.777506106147077,0.611912430665957,0.563027558696885,0.0479222633655485,0.218911542330569,0.218911542330569,-0.223308791526639
"1567",1567,0.406787760309526,0.665221304970328,0.744451639849296,0.563027558696885,0.0479222633655485,0.218911542330569,0.218911542330569,-0.828755209620012
"1568",1568,0.6259779499016,0.337240201701992,0.902638979799488,0.563027558696885,0.0479222633655485,0.218911542330569,0.218911542330569,-1.55136370374555
"1569",1569,0.226300181608996,0.7441501391005,0.436721523202614,0.563027558696885,0.0479222633655485,0.218911542330569,0.218911542330569,0.576972936874848
"1570",1570,0.834349951086566,0.509903602136532,0.748697809728542,0.563027558696885,0.0479222633655485,0.218911542330569,0.218911542330569,-0.848151947836922
"1571",1571,0.688902313287021,0.462499597916845,0.940014690556219,0.563027558696885,0.0479222633655485,0.218911542330569,0.218911542330569,-1.72209801203658
"1572",1572,0.812168182440684,0.881940553880646,0.288636118725445,0.563027558696885,0.0479222633655485,0.218911542330569,0.218911542330569,1.25343523256116
"1573",1573,0.409703774058027,0.343302657805034,0.873904779262642,0.563027558696885,0.0479222633655485,0.218911542330569,0.218911542330569,-1.42010429078388
"1574",1574,0.382928823393188,0.034269236950553,0.657108966989,0.563027558696885,0.0479222633655485,0.218911542330569,0.218911542330569,-0.429769062382497
"1575",1575,0.371558092581225,0.10431722639245,0.697375096362242,0.563027558696885,0.0479222633655485,0.218911542330569,0.218911542330569,-0.61370696234228
"1576",1576,0.607470126493834,0.965481846238952,0.372665860985764,0.563027558696885,0.0479222633655485,0.218911542330569,0.218911542330569,0.869582735037625
"1577",1577,0.869032165172626,0.399956424041302,0.671737310172036,0.563027558696885,0.0479222633655485,0.218911542330569,0.218911542330569,-0.496592140906819
"1578",1578,0.260245134651195,0.64168450537778,0.554404483338373,0.563027558696885,0.0479222633655485,0.218911542330569,0.218911542330569,0.0393906838657721
"1579",1579,0.0487255843773019,0.117697547747754,0.408959869067434,0.563027558696885,0.0479222633655485,0.218911542330569,0.218911542330569,0.703789704230396
"1580",1580,0.690102189752506,0.864065459139762,0.444231045574697,0.563027558696885,0.0479222633655485,0.218911542330569,0.218911542330569,0.542669024471987
"1581",1581,0.720636087933439,0.2460146883087,0.675856033409444,0.563027558696885,0.0479222633655485,0.218911542330569,0.218911542330569,-0.515406695834163
"1582",1582,0.530363789869705,0.250702129086829,0.844671113956827,0.563027558696885,0.0479222633655485,0.218911542330569,0.218911542330569,-1.28656329520827
"1583",1583,0.0371252390672453,0.566033677308238,0.341585245754182,0.563027558696885,0.0479222633655485,0.218911542330569,0.218911542330569,1.01156069974745
"1584",1584,0.251171854295535,0.91837352469028,0.372178969383675,0.563027558696885,0.0479222633655485,0.218911542330569,0.218911542330569,0.871806882731737
"1585",1585,0.986839989803848,0.195698115805746,0.246287467402869,0.563027558696885,0.0479222633655485,0.218911542330569,0.218911542330569,1.44688620765241
"1586",1586,0.760141525541665,0.490723739990965,0.859298968016238,0.563027558696885,0.0479222633655485,0.218911542330569,0.218911542330569,-1.3533841393889
"1587",1587,0.10567906976887,0.7711935343527,0.351319157631372,0.563027558696885,0.0479222633655485,0.218911542330569,0.218911542330569,0.967095653393283
"1588",1588,0.519529798190808,0.961429026403464,0.398067199407026,0.563027558696885,0.0479222633655485,0.218911542330569,0.218911542330569,0.75354802005259
"1589",1589,0.505402370978496,0.320960635993746,0.916307892440095,0.563027558696885,0.0479222633655485,0.218911542330569,0.218911542330569,-1.61380405063218
"1590",1590,0.157554700390552,0.809714955780073,0.36228008447367,0.563027558696885,0.0479222633655485,0.218911542330569,0.218911542330569,0.917025534999314
"1591",1591,0.942131532405037,0.430844951189007,0.583098771956846,0.563027558696885,0.0479222633655485,0.218911542330569,0.218911542330569,-0.0916864092513326
"1592",1592,0.454834094051621,0.480858825922944,0.942743880916221,0.563027558696885,0.0479222633655485,0.218911542330569,0.218911542330569,-1.73456510413664
"1593",1593,0.65470380668703,0.53939166897675,0.950758517609613,0.563027558696885,0.0479222633655485,0.218911542330569,0.218911542330569,-1.77117640662013
"1594",1594,0.596872264324455,0.796459284027223,0.624058896988253,0.563027558696885,0.0479222633655485,0.218911542330569,0.218911542330569,-0.278794519656744
"1595",1595,0.819527049475582,0.967017058307072,0.230433090289933,0.563027558696885,0.0479222633655485,0.218911542330569,0.218911542330569,1.51930987679359
"1596",1596,0.60890661638882,0.172581027426873,0.694620630905127,0.563027558696885,0.0479222633655485,0.218911542330569,0.218911542330569,-0.601124412204492
"1597",1597,0.462613149407785,0.969323472233024,0.390027202777798,0.563027558696885,0.0479222633655485,0.218911542330569,0.218911542330569,0.790275168121773
"1598",1598,0.46627858370007,0.891690576976747,0.478367732395944,0.563027558696885,0.0479222633655485,0.218911542330569,0.218911542330569,0.386730756175021
"1599",1599,0.745393444684916,0.653122366940952,0.729510389526661,0.563027558696885,0.0479222633655485,0.218911542330569,0.218911542330569,-0.760502754022798
"1600",1600,0.0164619965956081,0.672660617996473,0.343701632164144,0.563027558696885,0.0479222633655485,0.218911542330569,0.218911542330569,1.00189292989196
"1601",1601,0.337634799779975,0.926696889099083,0.395071615404322,0.563027558696885,0.0479222633655485,0.218911542330569,0.218911542330569,0.767232013006148
"1602",1602,0.963786644574837,0.7718447889206,0.218753039600006,0.563027558696885,0.0479222633655485,0.218911542330569,0.218911542330569,1.57266499258867
"1603",1603,0.947581372363959,0.850275592564372,0.148262116425645,0.563027558696885,0.0479222633655485,0.218911542330569,0.218911542330569,1.89467141775887
"1604",1604,0.730183510537143,0.578606753011118,0.845433253690668,0.563027558696885,0.0479222633655485,0.218911542330569,0.218911542330569,-1.29004479155025
"1605",1605,0.110319141024607,0.11732292751153,0.461940777318219,0.563027558696885,0.0479222633655485,0.218911542330569,0.218911542330569,0.461769993041387
"1606",1606,0.248153753176914,0.324642764389166,0.649415838499748,0.563027558696885,0.0479222633655485,0.218911542330569,0.218911542330569,-0.394626427109137
"1607",1607,0.523801969274064,0.882777820507064,0.498883764978392,0.563027558696885,0.0479222633655485,0.218911542330569,0.218911542330569,0.293012387723404
"1608",1608,0.787982123694266,0.551152940548258,0.793099132042941,0.563027558696885,0.0479222633655485,0.218911542330569,0.218911542330569,-1.0509796372392
"1609",1609,0.909341364631662,0.508712284656242,0.634440828708113,0.563027558696885,0.0479222633655485,0.218911542330569,0.218911542330569,-0.326219756395439
"1610",1610,0.0460650016934378,0.950515861800988,0.417484514160199,0.563027558696885,0.0479222633655485,0.218911542330569,0.218911542330569,0.664848655247733
"1611",1611,0.311988883456099,0.577071207787958,0.687464544005827,0.563027558696885,0.0479222633655485,0.218911542330569,0.218911542330569,-0.568435012535954
"1612",1612,0.272832343472284,0.19734667460667,0.660311783895828,0.563027558696885,0.0479222633655485,0.218911542330569,0.218911542330569,-0.444399706672562
"1613",1613,0.905003906419501,0.221371450915583,0.377160059510662,0.563027558696885,0.0479222633655485,0.218911542330569,0.218911542330569,0.849052988286714
"1614",1614,0.778061130063026,0.834852756651468,0.386741359520387,0.563027558696885,0.0479222633655485,0.218911542330569,0.218911542330569,0.805285081360834
"1615",1615,0.877792674086988,0.64782761576015,0.540063474125637,0.563027558696885,0.0479222633655485,0.218911542330569,0.218911542330569,0.104901204965113
"1616",1616,0.357536600358668,0.45208345402719,0.822951352491293,0.563027558696885,0.0479222633655485,0.218911542330569,0.218911542330569,-1.18734622682393
"1617",1617,0.772268909777282,0.106632048971835,0.373900934890686,0.563027558696885,0.0479222633655485,0.218911542330569,0.218911542330569,0.863940849316236
"1618",1618,0.866080490117893,0.848143169559189,0.255601313453467,0.563027558696885,0.0479222633655485,0.218911542330569,0.218911542330569,1.40434004516394
"1619",1619,0.6461920663364,0.40620221006358,0.951298185911221,0.563027558696885,0.0479222633655485,0.218911542330569,0.218911542330569,-1.77364164118868
"1620",1620,0.367244479409652,0.391920833335258,0.83823503554324,0.563027558696885,0.0479222633655485,0.218911542330569,0.218911542330569,-1.25716293401641
"1621",1621,0.87089370152622,0.257934283768293,0.48319344611975,0.563027558696885,0.0479222633655485,0.218911542330569,0.218911542330569,0.364686629709917
"1622",1622,0.546759944701218,0.335303991276305,0.931477366539736,0.563027558696885,0.0479222633655485,0.218911542330569,0.218911542330569,-1.68309904503103
"1623",1623,0.323374327572761,0.327373650578666,0.764122979929552,0.563027558696885,0.0479222633655485,0.218911542330569,0.218911542330569,-0.918614976130411
"1624",1624,0.794771424431819,0.308160512270522,0.671903098223874,0.563027558696885,0.0479222633655485,0.218911542330569,0.218911542330569,-0.497349469872085
"1625",1625,0.374900350176846,0.278620521699428,0.806677106292852,0.563027558696885,0.0479222633655485,0.218911542330569,0.218911542330569,-1.11300457254119
"1626",1626,0.317272688629106,0.0465299355468014,0.635380714187268,0.563027558696885,0.0479222633655485,0.218911542330569,0.218911542330569,-0.33051320510604
"1627",1627,0.761556909240666,0.920357400659472,0.308418772516013,0.563027558696885,0.0479222633655485,0.218911542330569,0.218911542330569,1.16306697888227
"1628",1628,0.375440014570486,0.79173966990551,0.551163785999014,0.563027558696885,0.0479222633655485,0.218911542330569,0.218911542330569,0.0541943680610317
"1629",1629,0.668105118795531,0.672227600211394,0.787718347837492,0.563027558696885,0.0479222633655485,0.218911542330569,0.218911542330569,-1.0263999181976
"1630",1630,0.00480386636604089,0.590181833287817,0.334490093706605,0.563027558696885,0.0479222633655485,0.218911542330569,0.218911542330569,1.04397174565229
"1631",1631,0.383246696177055,0.917925807932857,0.419108272669082,0.563027558696885,0.0479222633655485,0.218911542330569,0.218911542330569,0.657431236816543
"1632",1632,0.817161057890626,0.373886949853855,0.724192732152471,0.563027558696885,0.0479222633655485,0.218911542330569,0.218911542330569,-0.736211401828312
"1633",1633,0.244475053225062,0.243941605760599,0.635142507914846,0.563027558696885,0.0479222633655485,0.218911542330569,0.218911542330569,-0.329425065714732
"1634",1634,0.956879066713154,0.729579715190921,0.291617299972368,0.563027558696885,0.0479222633655485,0.218911542330569,0.218911542330569,1.23981703219044
"1635",1635,0.952903064575745,0.654086018622969,0.416770446064686,0.563027558696885,0.0479222633655485,0.218911542330569,0.218911542330569,0.668110557694315
"1636",1636,0.424343756502727,0.105923746134271,0.712892979646112,0.563027558696885,0.0479222633655485,0.218911542330569,0.218911542330569,-0.684593509112103
"1637",1637,0.622818412844674,0.259408339211368,0.805117711472957,0.563027558696885,0.0479222633655485,0.218911542330569,0.218911542330569,-1.10588117099144
"1638",1638,0.444747942316812,0.856110141876037,0.518069449673367,0.563027558696885,0.0479222633655485,0.218911542330569,0.218911542330569,0.205371121800552
"1639",1639,0.933494780143141,0.931626406061696,0.122570330792723,0.563027558696885,0.0479222633655485,0.218911542330569,0.218911542330569,2.01203291162714
"1640",1640,0.386527954482241,0.991712598649086,0.366810847560626,0.563027558696885,0.0479222633655485,0.218911542330569,0.218911542330569,0.896328759312109
"1641",1641,0.0310209818751318,0.338133777508629,0.337948382208875,0.563027558696885,0.0479222633655485,0.218911542330569,0.218911542330569,1.02817409302305
"1642",1642,0.632874829313252,0.60275383033976,0.909195685353152,0.563027558696885,0.0479222633655485,0.218911542330569,0.218911542330569,-1.58131509636679
"1643",1643,0.818053241805639,0.680142211668775,0.581005694357516,0.563027558696885,0.0479222633655485,0.218911542330569,0.218911542330569,-0.082125115328469
"1644",1644,0.624632482506917,0.512793082174729,0.980966092808845,0.563027558696885,0.0479222633655485,0.218911542330569,0.218911542330569,-1.90916627630739
"1645",1645,0.326060705411481,0.370477696305723,0.775990648236665,0.563027558696885,0.0479222633655485,0.218911542330569,0.218911542330569,-0.972827139549332
"1646",1646,0.0983264959962107,0.618781969094533,0.374219599870278,0.563027558696885,0.0479222633655485,0.218911542330569,0.218911542330569,0.862485170112667
"1647",1647,0.377894374965341,0.516427489862777,0.832693363046896,0.563027558696885,0.0479222633655485,0.218911542330569,0.218911542330569,-1.23184826838779
"1648",1648,0.00245565171260387,0.0477222515061731,0.390764487216442,0.563027558696885,0.0479222633655485,0.218911542330569,0.218911542330569,0.786907212139211
"1649",1649,0.391444199351361,0.857288782188203,0.485937466433578,0.563027558696885,0.0479222633655485,0.218911542330569,0.218911542330569,0.352151793562792
"1650",1650,0.177594558897428,0.677231953904731,0.424837623304588,0.563027558696885,0.0479222633655485,0.218911542330569,0.218911542330569,0.631259247096356
"1651",1651,0.411178812702186,0.184553013611003,0.769652126115417,0.563027558696885,0.0479222633655485,0.218911542330569,0.218911542330569,-0.943872420881842
"1652",1652,0.684457761840196,0.958193087832769,0.338868119160976,0.563027558696885,0.0479222633655485,0.218911542330569,0.218911542330569,1.02397268389538
"1653",1653,0.639149252969539,0.802750212218496,0.587630943149168,0.563027558696885,0.0479222633655485,0.218911542330569,0.218911542330569,-0.112389617241518
"1654",1654,0.198042297286214,0.885281541523407,0.364843394650884,0.563027558696885,0.0479222633655485,0.218911542330569,0.218911542330569,0.905316192723779
"1655",1655,0.788238337146933,0.405129586865078,0.793810061652947,0.563027558696885,0.0479222633655485,0.218911542330569,0.218911542330569,-1.05422720291088
"1656",1656,0.132569316298468,0.154072490253486,0.485130366460835,0.563027558696885,0.0479222633655485,0.218911542330569,0.218911542330569,0.355838670755975
"1657",1657,0.644932840742287,0.0369472415876808,0.469154833007204,0.563027558696885,0.0479222633655485,0.218911542330569,0.218911542330569,0.428815788744149
"1658",1658,0.571771787067526,0.43941920166614,0.996087696529898,0.563027558696885,0.0479222633655485,0.218911542330569,0.218911542330569,-1.97824259617644
"1659",1659,0.176856948023895,0.622262653770857,0.451056459662846,0.563027558696885,0.0479222633655485,0.218911542330569,0.218911542330569,0.511490156443904
"1660",1660,0.193721355866757,0.298862783385441,0.562545397071077,0.563027558696885,0.0479222633655485,0.218911542330569,0.218911542330569,0.00220254090156636
"1661",1661,0.474431388953701,0.390021113985218,0.948391270101452,0.563027558696885,0.0479222633655485,0.218911542330569,0.218911542330569,-1.76036268943117
"1662",1662,0.822081110415398,0.472849846282974,0.773082123667134,0.563027558696885,0.0479222633655485,0.218911542330569,0.218911542330569,-0.959540838888497
"1663",1663,0.186053388921078,0.385726119892439,0.541603028421269,0.563027558696885,0.0479222633655485,0.218911542330569,0.218911542330569,0.0978684360245556
"1664",1664,0.785455643608933,0.752483766986756,0.506431825585022,0.563027558696885,0.0479222633655485,0.218911542330569,0.218911542330569,0.258532430539456
"1665",1665,0.707318257779349,0.281995167467045,0.749701501748392,0.563027558696885,0.0479222633655485,0.218911542330569,0.218911542330569,-0.852736868344834
"1666",1666,0.342401501716697,0.241175917575718,0.754875419586667,0.563027558696885,0.0479222633655485,0.218911542330569,0.218911542330569,-0.876371610410934
"1667",1667,0.977947525371565,0.357451244643074,0.478483810596703,0.563027558696885,0.0479222633655485,0.218911542330569,0.218911542330569,0.38620050455136
"1668",1668,0.436339725845144,0.63677188261738,0.812276184543239,0.563027558696885,0.0479222633655485,0.218911542330569,0.218911542330569,-1.13858147082064
"1669",1669,0.0455486833803589,0.699516517765122,0.345262950754414,0.563027558696885,0.0479222633655485,0.218911542330569,0.218911542330569,0.994760740453027
"1670",1670,0.704376065827906,0.374872257337323,0.872749053095319,0.563027558696885,0.0479222633655485,0.218911542330569,0.218911542330569,-1.41482486990447
"1671",1671,0.690977835675119,0.736410250783432,0.656299781680301,0.563027558696885,0.0479222633655485,0.218911542330569,0.218911542330569,-0.426072659259645
"1672",1672,0.58891594553052,0.288662501808722,0.867425953707654,0.563027558696885,0.0479222633655485,0.218911542330569,0.218911542330569,-1.39050865829226
"1673",1673,0.0793305231714621,0.00254203838889953,0.426990191296942,0.563027558696885,0.0479222633655485,0.218911542330569,0.218911542330569,0.621426197776812
"1674",1674,0.437669604047085,0.0504449556600302,0.670198637719749,0.563027558696885,0.0479222633655485,0.218911542330569,0.218911542330569,-0.489563400275301
"1675",1675,0.674860770097817,0.902096345568658,0.405697867701531,0.563027558696885,0.0479222633655485,0.218911542330569,0.218911542330569,0.718690706393988
"1676",1676,0.994761458462337,0.797093808031757,0.145323506226499,0.563027558696885,0.0479222633655485,0.218911542330569,0.218911542330569,1.90809515123524
"1677",1677,0.992640091658104,0.447361494959216,0.517970184619135,0.563027558696885,0.0479222633655485,0.218911542330569,0.218911542330569,0.205824570043505
"1678",1678,0.326880917043658,0.995775498909876,0.362839028148643,0.563027558696885,0.0479222633655485,0.218911542330569,0.218911542330569,0.914472249462049
"1679",1679,0.237956667619757,0.604610882391687,0.546812955501805,0.563027558696885,0.0479222633655485,0.218911542330569,0.218911542330569,0.0740692017536246
"1680",1680,0.791834897942259,0.637376883857767,0.68772606813181,0.563027558696885,0.0479222633655485,0.218911542330569,0.218911542330569,-0.569629669168486
"1681",1681,0.852728032144019,0.939788164585014,0.206605636664032,0.563027558696885,0.0479222633655485,0.218911542330569,0.218911542330569,1.62815499922172
"1682",1682,0.144688765885541,0.865775827878155,0.356828630678349,0.563027558696885,0.0479222633655485,0.218911542330569,0.218911542330569,0.941928076625415
"1683",1683,0.0671492792480858,0.836395638674498,0.356501779611053,0.563027558696885,0.0479222633655485,0.218911542330569,0.218911542330569,0.943421150329142
"1684",1684,0.569341715457616,0.0037049720849609,0.533365514217613,0.563027558696885,0.0479222633655485,0.218911542330569,0.218911542330569,0.135497855268319
"1685",1685,0.042922212547739,0.524406680585351,0.342955774319138,0.563027558696885,0.0479222633655485,0.218911542330569,0.218911542330569,1.00530004966767
"1686",1686,0.581680167148588,0.753102360797697,0.704950082975021,0.563027558696885,0.0479222633655485,0.218911542330569,0.218911542330569,-0.64830991900749
"1687",1687,0.252083259713254,0.959491878260393,0.367140927799436,0.563027558696885,0.0479222633655485,0.218911542330569,0.218911542330569,0.894820934574793
"1688",1688,0.156488732049824,0.968621198048233,0.38225273132683,0.563027558696885,0.0479222633655485,0.218911542330569,0.218911542330569,0.825789382530934
"1689",1689,0.529234443358611,0.757697466715588,0.700680378648485,0.563027558696885,0.0479222633655485,0.218911542330569,0.218911542330569,-0.628805674137256
"1690",1690,0.696796392600285,0.213115419168607,0.653565793746019,0.563027558696885,0.0479222633655485,0.218911542330569,0.218911542330569,-0.413583651575649
"1691",1691,0.28491698130942,0.294922861112515,0.701975789639198,0.563027558696885,0.0479222633655485,0.218911542330569,0.218911542330569,-0.634723182994587
"1692",1692,0.551576037626597,0.478368015165091,0.999112122861556,0.563027558696885,0.0479222633655485,0.218911542330569,0.218911542330569,-1.99205834247953
"1693",1693,0.834503873900161,0.114202112415689,0.296148443216198,0.563027558696885,0.0479222633655485,0.218911542330569,0.218911542330569,1.21911851992566
"1694",1694,0.966401381944655,0.283808397456771,0.399540881968551,0.563027558696885,0.0479222633655485,0.218911542330569,0.218911542330569,0.74681615682676
"1695",1695,0.490927614249988,0.243177084323834,0.840279507281639,0.563027558696885,0.0479222633655485,0.218911542330569,0.218911542330569,-1.26650219368556
"1696",1696,0.108195965878898,0.690843301804736,0.365075443662175,0.563027558696885,0.0479222633655485,0.218911542330569,0.218911542330569,0.904256180040936
"1697",1697,0.271789789324743,0.395530471943202,0.688215761393866,0.563027558696885,0.0479222633655485,0.218911542330569,0.218911542330569,-0.571866614999859
"1698",1698,0.872386579042068,0.523766532860929,0.684293173377633,0.563027558696885,0.0479222633655485,0.218911542330569,0.218911542330569,-0.55394801658119
"1699",1699,0.479083152625361,0.719996031889226,0.740018755395108,0.563027558696885,0.0479222633655485,0.218911542330569,0.218911542330569,-0.808505548926041
"1700",1700,0.019679741009837,0.249695074085845,0.350755543136901,0.563027558696885,0.0479222633655485,0.218911542330569,0.218911542330569,0.969670275491646
"1701",1701,0.951158268998726,0.587003770009615,0.510210954757154,0.563027558696885,0.0479222633655485,0.218911542330569,0.218911542330569,0.241269160033485
"1702",1702,0.754802274194895,0.31982582573453,0.744370450051691,0.563027558696885,0.0479222633655485,0.218911542330569,0.218911542330569,-0.828384330146319
"1703",1703,0.20763529285707,0.156211592555745,0.572910333913643,0.563027558696885,0.0479222633655485,0.218911542330569,0.218911542330569,-0.0451450623002528
"1704",1704,0.576063682349515,0.197534245731775,0.757023238284885,0.563027558696885,0.0479222633655485,0.218911542330569,0.218911542330569,-0.886182964692905
"1705",1705,0.5991616477106,0.924726892240578,0.422844467575331,0.563027558696885,0.0479222633655485,0.218911542330569,0.218911542330569,0.640364092405276
"1706",1706,0.567929710527067,0.659297261079308,0.857054014297073,0.563027558696885,0.0479222633655485,0.218911542330569,0.218911542330569,-1.3431290669735
"1707",1707,0.36357826834009,0.195135352716432,0.748655021630588,0.563027558696885,0.0479222633655485,0.218911542330569,0.218911542330569,-0.84795648944538
"1708",1708,0.125921646093833,0.461927673229948,0.433677788370206,0.563027558696885,0.0479222633655485,0.218911542330569,0.218911542330569,0.590876885474378
"1709",1709,0.465110024477472,0.341670959182899,0.916343265740469,0.563027558696885,0.0479222633655485,0.218911542330569,0.218911542330569,-1.61396563781939
"1710",1710,0.743938387142611,0.0612058890399057,0.350193300249827,0.563027558696885,0.0479222633655485,0.218911542330569,0.218911542330569,0.972238632011765
"1711",1711,0.886982113400009,0.0274845187980682,0.111653772860889,0.563027558696885,0.0479222633655485,0.218911542330569,0.218911542330569,2.06190035039082
"1712",1712,0.460184639828629,0.815695945450105,0.583650532368233,0.563027558696885,0.0479222633655485,0.218911542330569,0.218911542330569,-0.0942068812443254
"1713",1713,0.698782612635754,0.5477015947334,0.907059101352231,0.563027558696885,0.0479222633655485,0.218911542330569,0.218911542330569,-1.57155506280175
"1714",1714,0.950546548001468,0.212525818837225,0.308663523154592,0.563027558696885,0.0479222633655485,0.218911542330569,0.218911542330569,1.16194894446538
"1715",1715,0.411703792248853,0.94744042436243,0.401897746755322,0.563027558696885,0.0479222633655485,0.218911542330569,0.218911542330569,0.736049868481799
"1716",1716,0.86428749730147,0.588630368109909,0.641410329753674,0.563027558696885,0.0479222633655485,0.218911542330569,0.218911542330569,-0.35805682159247
"1717",1717,0.589525869820616,0.616231459365576,0.910536193702249,0.563027558696885,0.0479222633655485,0.218911542330569,0.218911542330569,-1.58743861244468
"1718",1718,0.507651022579754,0.801691004656372,0.624077268072612,0.563027558696885,0.0479222633655485,0.218911542330569,0.218911542330569,-0.278878439783401
"1719",1719,0.0720665959767066,0.981551178787835,0.425367487827432,0.563027558696885,0.0479222633655485,0.218911542330569,0.218911542330569,0.628838796729952
"1720",1720,0.7080799148652,0.639667355185491,0.795886977748943,0.563027558696885,0.0479222633655485,0.218911542330569,0.218911542330569,-1.06371467019508
"1721",1721,0.493830026862444,0.477500469699618,0.975436540298553,0.563027558696885,0.0479222633655485,0.218911542330569,0.218911542330569,-1.88390697544356
"1722",1722,0.953770779472077,0.89051986749575,0.112654922701945,0.563027558696885,0.0479222633655485,0.218911542330569,0.218911542330569,2.05732704269586
"1723",1723,0.341351793274167,0.605742204482434,0.712339292794794,0.563027558696885,0.0479222633655485,0.218911542330569,0.218911542330569,-0.682064237035248
"1724",1724,0.108734568302869,0.196859309208812,0.454507304834269,0.563027558696885,0.0479222633655485,0.218911542330569,0.218911542330569,0.495726505360527
"1725",1725,0.943457284025499,0.112851344077266,0.16572315336562,0.563027558696885,0.0479222633655485,0.218911542330569,0.218911542330569,1.81490843790828
"1726",1726,0.87250915125641,0.748613854088122,0.38409162282692,0.563027558696885,0.0479222633655485,0.218911542330569,0.218911542330569,0.817389224729692
"1727",1727,0.611587921284139,0.132280750248698,0.636544294670065,0.563027558696885,0.0479222633655485,0.218911542330569,0.218911542330569,-0.335828504931757
"1728",1728,0.437020356532652,0.2522760619818,0.834469972854996,0.563027558696885,0.0479222633655485,0.218911542330569,0.218911542330569,-1.23996391998471
"1729",1729,0.594818180238479,0.0445017871458549,0.547202198328696,0.563027558696885,0.0479222633655485,0.218911542330569,0.218911542330569,0.0722911190506887
"1730",1730,0.930649099011091,0.376082686547888,0.560773664385963,0.563027558696885,0.0479222633655485,0.218911542330569,0.218911542330569,0.0102959135316791
"1731",1731,0.650601592966239,0.454851983548026,0.969872278058182,0.563027558696885,0.0479222633655485,0.218911542330569,0.218911542330569,-1.85848911861823
"1732",1732,0.311043014248367,0.758890388739761,0.518108992206234,0.563027558696885,0.0479222633655485,0.218911542330569,0.218911542330569,0.205190489329345
"1733",1733,0.0543331230882322,0.375155820781016,0.355617292175222,0.563027558696885,0.0479222633655485,0.218911542330569,0.218911542330569,0.947461537722217
"1734",1734,0.154799784998759,0.546688048747368,0.45312731887364,0.563027558696885,0.0479222633655485,0.218911542330569,0.218911542330569,0.502030357345385
"1735",1735,0.540645095390966,0.842416313977446,0.560728949923408,0.563027558696885,0.0479222633655485,0.218911542330569,0.218911542330569,0.0105001716629722
"1736",1736,0.737574026243179,0.952875415265327,0.304569994768881,0.563027558696885,0.0479222633655485,0.218911542330569,0.218911542330569,1.18064840792048
"1737",1737,0.482768094943953,0.627231950355694,0.866890791627388,0.563027558696885,0.0479222633655485,0.218911542330569,0.218911542330569,-1.38806400839135
"1738",1738,0.138798065617681,0.0850170217806008,0.487076943249964,0.563027558696885,0.0479222633655485,0.218911542330569,0.218911542330569,0.346946600614742
"1739",1739,0.850826219561277,0.886112859792542,0.239030744199294,0.563027558696885,0.0479222633655485,0.218911542330569,0.218911542330569,1.48003531950973
"1740",1740,0.898280524649192,0.18033544480952,0.31826055829218,0.563027558696885,0.0479222633655485,0.218911542330569,0.218911542330569,1.11810915860751
"1741",1741,0.965221845271066,0.0487481387978187,0.0652039334314344,0.563027558696885,0.0479222633655485,0.218911542330569,0.218911542330569,2.27408577896596
"1742",1742,0.997642294994672,0.156882125607459,0.180832906080265,0.563027558696885,0.0479222633655485,0.218911542330569,0.218911542330569,1.74588625409018
"1743",1743,0.678991586553399,0.111334075139021,0.519717379653468,0.563027558696885,0.0479222633655485,0.218911542330569,0.218911542330569,0.197843286755598
"1744",1744,0.486268283084384,0.056287380527705,0.658686559168801,0.563027558696885,0.0479222633655485,0.218911542330569,0.218911542330569,-0.436975590476017
"1745",1745,0.387743631268968,0.699354567427654,0.679568612689058,0.563027558696885,0.0479222633655485,0.218911542330569,0.218911542330569,-0.53236596276038
"1746",1746,0.802280619678902,0.591975591739872,0.732394193511359,0.563027558696885,0.0479222633655485,0.218911542330569,0.218911542330569,-0.773676129688587
"1747",1747,0.653397867503692,0.710905846348731,0.736851486680679,0.563027558696885,0.0479222633655485,0.218911542330569,0.218911542330569,-0.794037290739608
"1748",1748,0.527563032070175,0.111574560317793,0.688094884224202,0.563027558696885,0.0479222633655485,0.218911542330569,0.218911542330569,-0.57131444142154
"1749",1749,0.487282724551274,0.159979848829797,0.756112517380934,0.563027558696885,0.0479222633655485,0.218911542330569,0.218911542330569,-0.882022741370483
"1750",1750,0.0307998970217304,0.755677020237083,0.349550601038903,0.563027558696885,0.0479222633655485,0.218911542330569,0.218911542330569,0.975174517457008
"1751",1751,0.631368507486884,0.88850278600317,0.455313148247278,0.563027558696885,0.0479222633655485,0.218911542330569,0.218911542330569,0.492045368201518
"1752",1752,0.294543840801693,0.661910441736458,0.588872742996799,0.563027558696885,0.0479222633655485,0.218911542330569,0.218911542330569,-0.118062227440188
"1753",1753,0.503817001412273,0.578201407849789,0.93117266845956,0.563027558696885,0.0479222633655485,0.218911542330569,0.218911542330569,-1.68170716739437
"1754",1754,0.313736811300972,0.533513907925808,0.719005198547741,0.563027558696885,0.0479222633655485,0.218911542330569,0.218911542330569,-0.712514462190033
"1755",1755,0.212592400868307,0.529242981457617,0.547228828601883,0.563027558696885,0.0479222633655485,0.218911542330569,0.218911542330569,0.0721694704939084
"1756",1756,0.517638729606639,0.0063464735688176,0.590703349232763,0.563027558696885,0.0479222633655485,0.218911542330569,0.218911542330569,-0.126424537697907
"1757",1757,0.949894667701563,0.531441613468574,0.561821896740524,0.563027558696885,0.0479222633655485,0.218911542330569,0.218911542330569,0.00550753031806999
"1758",1758,0.578607713503763,0.520834593807813,0.990043016495767,0.563027558696885,0.0479222633655485,0.218911542330569,0.218911542330569,-1.95063016437052
"1759",1759,0.130324236704502,0.306789217064506,0.464960979130665,0.563027558696885,0.0479222633655485,0.218911542330569,0.218911542330569,0.447973544575068
"1760",1760,0.00409276147966739,0.942283662100206,0.435824810284975,0.563027558696885,0.0479222633655485,0.218911542330569,0.218911542330569,0.58106917094315
"1761",1761,0.302304430702119,0.862985802856623,0.420305402028696,0.563027558696885,0.0479222633655485,0.218911542330569,0.218911542330569,0.651962683871051
"1762",1762,0.908590043828473,0.844302994312369,0.203969542922712,0.563027558696885,0.0479222633655485,0.218911542330569,0.218911542330569,1.64019682083266
"1763",1763,0.416765423202538,0.539535835711402,0.874481779083709,0.563027558696885,0.0479222633655485,0.218911542330569,0.218911542330569,-1.42274005779243
"1764",1764,0.708917504037148,0.164816445639939,0.559008530192582,0.563027558696885,0.0479222633655485,0.218911542330569,0.218911542330569,0.0183591438875985
"1765",1765,0.215636784574715,0.102644188748207,0.569396624355541,0.563027558696885,0.0479222633655485,0.218911542330569,0.218911542330569,-0.0290942432310776
"1766",1766,0.862225074820104,0.686843050828786,0.501904350752847,0.563027558696885,0.0479222633655485,0.218911542330569,0.218911542330569,0.27921418529745
"1767",1767,0.552739091904717,0.392162123592454,0.975377548463359,0.563027558696885,0.0479222633655485,0.218911542330569,0.218911542330569,-1.88363749748655
"1768",1768,0.783417001602589,0.0259657380632125,0.243026119650018,0.563027558696885,0.0479222633655485,0.218911542330569,0.218911542330569,1.46178422407552
"1769",1769,0.793687662704731,0.509453737774864,0.808730764353494,0.563027558696885,0.0479222633655485,0.218911542330569,0.218911542330569,-1.12238579583704
"1770",1770,0.565470610709046,0.570592503321241,0.958486450896547,0.563027558696885,0.0479222633655485,0.218911542330569,0.218911542330569,-1.80647803212905
"1771",1771,0.997217947493773,0.997605391838239,0.0676235763896644,0.563027558696885,0.0479222633655485,0.218911542330569,0.218911542330569,2.26303271647108
"1772",1772,0.238812391527696,0.0535354983224533,0.575977704069679,0.563027558696885,0.0479222633655485,0.218911542330569,0.218911542330569,-0.0591569783617826
"1773",1773,0.221756474176422,0.471727930480265,0.584446380509686,0.563027558696885,0.0479222633655485,0.218911542330569,0.218911542330569,-0.0978423594515511
"1774",1774,0.348066773752566,0.826884560164879,0.486495169261396,0.563027558696885,0.0479222633655485,0.218911542330569,0.218911542330569,0.349604176283774
"1775",1775,0.0271738459498156,0.149184093259857,0.387563170993588,0.563027558696885,0.0479222633655485,0.218911542330569,0.218911542330569,0.801531001222109
"1776",1776,0.00581896980991587,0.873081153496285,0.393632630160276,0.563027558696885,0.0479222633655485,0.218911542330569,0.218911542330569,0.773805376971914
"1777",1777,0.678220835949527,0.00532169605512172,0.378722309428075,0.563027558696885,0.0479222633655485,0.218911542330569,0.218911542330569,0.841916544494025
"1778",1778,0.260952662027674,0.76187927318376,0.459994261934162,0.563027558696885,0.0479222633655485,0.218911542330569,0.218911542330569,0.470661782680864
"1779",1779,0.602026589454384,0.835003372793784,0.555831087753775,0.563027558696885,0.0479222633655485,0.218911542330569,0.218911542330569,0.0328738762081488
"1780",1780,0.82573474925349,0.783902897307533,0.396979096978917,0.563027558696885,0.0479222633655485,0.218911542330569,0.218911542330569,0.758518531961304
"1781",1781,0.577285808904911,0.0936389399301261,0.625045206403738,0.563027558696885,0.0479222633655485,0.218911542330569,0.218911542330569,-0.283300035469134
"1782",1782,0.14421589298686,0.772881233361433,0.364060185256023,0.563027558696885,0.0479222633655485,0.218911542330569,0.218911542330569,0.908893936439449
"1783",1783,0.624196919727605,0.999249926974415,0.33680055499782,0.563027558696885,0.0479222633655485,0.218911542330569,0.218911542330569,1.03341743103454
"1784",1784,0.125271601693239,0.371513107140549,0.447046311096109,0.563027558696885,0.0479222633655485,0.218911542330569,0.218911542330569,0.529808736286905
"1785",1785,0.77259464463836,0.151093334814766,0.443889376985397,0.563027558696885,0.0479222633655485,0.218911542330569,0.218911542330569,0.544229785433527
"1786",1786,0.0385422511607176,0.424453871536884,0.33707149529691,0.563027558696885,0.0479222633655485,0.218911542330569,0.218911542330569,1.03217976080388
"1787",1787,0.536282757833716,0.923004737159121,0.442116483474429,0.563027558696885,0.0479222633655485,0.218911542330569,0.218911542330569,0.552328460780169
"1788",1788,0.0675477081040153,0.276033566757105,0.389649809452693,0.563027558696885,0.0479222633655485,0.218911542330569,0.218911542330569,0.79199912164696
"1789",1789,0.434644606141024,0.148492744132993,0.747709083313402,0.563027558696885,0.0479222633655485,0.218911542330569,0.218911542330569,-0.843635391036793
"1790",1790,0.796748598587001,0.225103289462975,0.533712281774355,0.563027558696885,0.0479222633655485,0.218911542330569,0.218911542330569,0.133913801942258
"1791",1791,0.396855006551603,0.605218570842291,0.79574988221086,0.563027558696885,0.0479222633655485,0.218911542330569,0.218911542330569,-1.06308841021526
"1792",1792,0.0531280387521256,0.603838109379169,0.349148524759837,0.563027558696885,0.0479222633655485,0.218911542330569,0.218911542330569,0.977011224077342
"1793",1793,0.117244536975864,0.512050645112176,0.413488757479754,0.563027558696885,0.0479222633655485,0.218911542330569,0.218911542330569,0.68310149216033
"1794",1794,0.225596090429928,0.360897146476665,0.611589268977545,0.563027558696885,0.0479222633655485,0.218911542330569,0.218911542330569,-0.221832571109151
"1795",1795,0.743410586473416,0.412128986822907,0.858408392100983,0.563027558696885,0.0479222633655485,0.218911542330569,0.218911542330569,-1.34931593948599
"1796",1796,0.236160719888285,0.824949840146932,0.398879819040148,0.563027558696885,0.0479222633655485,0.218911542330569,0.218911542330569,0.749835928746345
"1797",1797,0.0714460598636651,0.788996451047948,0.34838116324363,0.563027558696885,0.0479222633655485,0.218911542330569,0.218911542330569,0.98051657380919
"1798",1798,0.265576632635784,0.157143848172971,0.639144396472475,0.563027558696885,0.0479222633655485,0.218911542330569,0.218911542330569,-0.347705913380525
"1799",1799,0.390792885440518,0.42758643982478,0.872767465389562,0.563027558696885,0.0479222633655485,0.218911542330569,0.218911542330569,-1.41490897828015
"1800",1800,0.855688524415367,0.062286071695271,0.193102087945387,0.563027558696885,0.0479222633655485,0.218911542330569,0.218911542330569,1.68983995459175
"1801",1801,0.773235107351909,0.878489254024811,0.337430014480623,0.563027558696885,0.0479222633655485,0.218911542330569,0.218911542330569,1.03054202539762
"1802",1802,0.256173867265694,0.559524684689706,0.604610186020675,0.563027558696885,0.0479222633655485,0.218911542330569,0.218911542330569,-0.189951735212745
"1803",1803,0.212285742431763,0.70765702652256,0.444878319094998,0.563027558696885,0.0479222633655485,0.218911542330569,0.218911542330569,0.539712243329202
"1804",1804,0.28627043532033,0.247156170551898,0.691876574722831,0.563027558696885,0.0479222633655485,0.218911542330569,0.218911542330569,-0.588589412208227
"1805",1805,0.280362766087055,0.442093476657406,0.696298618684095,0.563027558696885,0.0479222633655485,0.218911542330569,0.218911542330569,-0.608789552932586
"1806",1806,0.921706131516839,0.756344151986763,0.299893369417301,0.563027558696885,0.0479222633655485,0.218911542330569,0.218911542330569,1.2020114904779
"1807",1807,0.405422930276953,0.00139060857950244,0.637713104785262,0.563027558696885,0.0479222633655485,0.218911542330569,0.218911542330569,-0.34116769400673
"1808",1808,0.8754627572014,0.30080254516541,0.544472840642425,0.563027558696885,0.0479222633655485,0.218911542330569,0.218911542330569,0.0847589755063777
"1809",1809,0.601737753619789,0.697309750939836,0.791664860871992,0.563027558696885,0.0479222633655485,0.218911542330569,0.218911542330569,-1.04442780741936
"1810",1810,0.895292991969618,0.957919918755419,0.160959316749214,0.563027558696885,0.0479222633655485,0.218911542330569,0.218911542330569,1.83666990633379
"1811",1811,0.725440315043787,0.475399068111088,0.902894453453957,0.563027558696885,0.0479222633655485,0.218911542330569,0.218911542330569,-1.55253072149048
"1812",1812,0.736049285540823,0.743129911696771,0.590452743929499,0.563027558696885,0.0479222633655485,0.218911542330569,0.218911542330569,-0.125279758849811
"1813",1813,0.501347328008967,0.673585865809349,0.820299472327933,0.563027558696885,0.0479222633655485,0.218911542330569,0.218911542330569,-1.17523229196637
"1814",1814,0.33149039805308,0.701567084515933,0.602970074890063,0.563027558696885,0.0479222633655485,0.218911542330569,0.218911542330569,-0.182459617103526
"1815",1815,0.1352286625423,0.592533523732214,0.414504394381486,0.563027558696885,0.0479222633655485,0.218911542330569,0.218911542330569,0.678462006773131
"1816",1816,0.6264283875291,0.217407396250055,0.741418841089719,0.563027558696885,0.0479222633655485,0.218911542330569,0.218911542330569,-0.814901217604382
"1817",1817,0.419877104237559,0.740106865998241,0.662376691235036,0.563027558696885,0.0479222633655485,0.218911542330569,0.218911542330569,-0.453832317293384
"1818",1818,0.161034109227592,0.00038846908218693,0.488575780933657,0.563027558696885,0.0479222633655485,0.218911542330569,0.218911542330569,0.340099827403352
"1819",1819,0.319834141035331,0.140369540144922,0.684289539885394,0.563027558696885,0.0479222633655485,0.218911542330569,0.218911542330569,-0.553931418588228
"1820",1820,0.633829841634375,0.299995472864481,0.851389611729065,0.563027558696885,0.0479222633655485,0.218911542330569,0.218911542330569,-1.31725376360803
"1821",1821,0.976805229821708,0.689435119298869,0.327685108266737,0.563027558696885,0.0479222633655485,0.218911542330569,0.218911542330569,1.07505729448823
"1822",1822,0.210795444657328,0.928370615755557,0.365624813602675,0.563027558696885,0.0479222633655485,0.218911542330569,0.218911542330569,0.901746627850808
"1823",1823,0.0481319254841655,0.0403510649725795,0.411939593171379,0.563027558696885,0.0479222633655485,0.218911542330569,0.218911542330569,0.690178160169163
"1824",1824,0.53310594035848,0.294377725068247,0.892135118498177,0.563027558696885,0.0479222633655485,0.218911542330569,0.218911542330569,-1.50338148595345
"1825",1825,0.285126593310735,0.0205962216722546,0.600828278589188,0.563027558696885,0.0479222633655485,0.218911542330569,0.218911542330569,-0.172675773464798
"1826",1826,0.82854075519403,0.333582429773407,0.659232558244425,0.563027558696885,0.0479222633655485,0.218911542330569,0.218911542330569,-0.439469744369462
"1827",1827,0.652871535378392,0.366389133926714,0.913462905387711,0.563027558696885,0.0479222633655485,0.218911542330569,0.218911542330569,-1.60080799285425
"1828",1828,0.0965767417694442,0.87351032499806,0.360785844337081,0.563027558696885,0.0479222633655485,0.218911542330569,0.218911542330569,0.923851306361943
"1829",1829,0.466810853292467,0.51996545007173,0.941042365611571,0.563027558696885,0.0479222633655485,0.218911542330569,0.218911542330569,-1.72679248837351
"1830",1830,0.333594680145616,0.0844928433742607,0.665437995663738,0.563027558696885,0.0479222633655485,0.218911542330569,0.218911542330569,-0.467816524777882
"1831",1831,0.902235686131055,0.423436017764849,0.637997247427761,0.563027558696885,0.0479222633655485,0.218911542330569,0.218911542330569,-0.34246567327029
"1832",1832,0.692630148965516,0.0576325762420893,0.424213666453958,0.563027558696885,0.0479222633655485,0.218911542330569,0.218911542330569,0.634109516405992
"1833",1833,0.4129529478146,0.304731672391761,0.856070804291067,0.563027558696885,0.0479222633655485,0.218911542330569,0.218911542330569,-1.33863770943457
"1834",1834,0.0992642791446997,0.938853251579101,0.386465793800667,0.563027558696885,0.0479222633655485,0.218911542330569,0.218911542330569,0.806543880768058
"1835",1835,0.183365991899627,0.254282158278744,0.548350739781124,0.563027558696885,0.0479222633655485,0.218911542330569,0.218911542330569,0.0670445183452144
"1836",1836,0.0779686389589915,0.09124690681824,0.433229467433,0.563027558696885,0.0479222633655485,0.218911542330569,0.218911542330569,0.592924840243839
"1837",1837,0.163245624035248,0.429904911507969,0.496090307198226,0.563027558696885,0.0479222633655485,0.218911542330569,0.218911542330569,0.305773056943612
"1838",1838,0.914650312095066,0.629991534227738,0.509599409941834,0.563027558696885,0.0479222633655485,0.218911542330569,0.218911542330569,0.244062730481207
"1839",1839,0.934707039830158,0.322630400768481,0.493495807816498,0.563027558696885,0.0479222633655485,0.218911542330569,0.218911542330569,0.317624873225689
"1840",1840,0.721030881161219,0.837899513215409,0.451019975763864,0.563027558696885,0.0479222633655485,0.218911542330569,0.218911542330569,0.511656816906818
"1841",1841,0.88210749549407,0.124155978137278,0.249478752466661,0.563027558696885,0.0479222633655485,0.218911542330569,0.218911542330569,1.4323082414574
"1842",1842,0.459471110202721,0.43333532224223,0.949019235361819,0.563027558696885,0.0479222633655485,0.218911542330569,0.218911542330569,-1.76323126937758
"1843",1843,0.0614617229350843,0.219089456184651,0.398167371722326,0.563027558696885,0.0479222633655485,0.218911542330569,0.218911542330569,0.753090427391036
"1844",1844,0.861297628373723,0.217729812760372,0.429174553066851,0.563027558696885,0.0479222633655485,0.218911542330569,0.218911542330569,0.611447912727728
"1845",1845,0.500829978200141,0.996047006797395,0.366539811893527,0.563027558696885,0.0479222633655485,0.218911542330569,0.218911542330569,0.897566865189092
"1846",1846,0.927922446706099,0.00302087862289045,0.0437046453551112,0.563027558696885,0.0479222633655485,0.218911542330569,0.218911542330569,2.3722957127476
"1847",1847,0.8324848052077,0.414937301331549,0.737007091537059,0.563027558696885,0.0479222633655485,0.218911542330569,0.218911542330569,-0.794748102306341
"1848",1848,0.518260200245073,0.202617267054738,0.793313168077848,0.563027558696885,0.0479222633655485,0.218911542330569,0.218911542330569,-1.05195736565237
"1849",1849,0.775541903858189,0.683527058622334,0.63867510936365,0.563027558696885,0.0479222633655485,0.218911542330569,0.218911542330569,-0.345562183982665
"1850",1850,0.185865741570247,0.841585118400515,0.367139690609857,0.563027558696885,0.0479222633655485,0.218911542330569,0.218911542330569,0.89482658612503
"1851",1851,0.993475820982829,0.560707952376222,0.476437768545044,0.563027558696885,0.0479222633655485,0.218911542330569,0.218911542330569,0.395546937498094
"1852",1852,0.160333061815356,0.194306028421386,0.517922378907336,0.563027558696885,0.0479222633655485,0.218911542330569,0.218911542330569,0.206042949171852
"1853",1853,0.339818691538647,0.490241350701195,0.783942849087632,0.563027558696885,0.0479222633655485,0.218911542330569,0.218911542330569,-1.00915323166081
"1854",1854,0.934319541915087,0.476731452142354,0.603667401512077,0.563027558696885,0.0479222633655485,0.218911542330569,0.218911542330569,-0.185645043575745
"1855",1855,0.780768802363775,0.986547320633195,0.256655809483076,0.563027558696885,0.0479222633655485,0.218911542330569,0.218911542330569,1.39952304913722
"1856",1856,0.60582473793847,0.404721138356021,0.972643074201697,0.563027558696885,0.0479222633655485,0.218911542330569,0.218911542330569,-1.87114626823226
"1857",1857,0.422715714285965,0.895633717047051,0.458256506600694,0.563027558696885,0.0479222633655485,0.218911542330569,0.218911542330569,0.478599944894549
"1858",1858,0.182788469893509,0.0581521323568886,0.524185259602837,0.563027558696885,0.0479222633655485,0.218911542330569,0.218911542330569,0.177433764709372
"1859",1859,0.292465980845736,0.93103319173574,0.378749038588177,0.563027558696885,0.0479222633655485,0.218911542330569,0.218911542330569,0.841794444216363
"1860",1860,0.0698312747080345,0.484608714030939,0.364579008648634,0.563027558696885,0.0479222633655485,0.218911542330569,0.218911542330569,0.906523922564952
"1861",1861,0.366067825995851,0.346747639428009,0.826381108649647,0.563027558696885,0.0479222633655485,0.218911542330569,0.218911542330569,-1.20301354213239
"1862",1862,0.751785844042664,0.271378283391008,0.674964150551122,0.563027558696885,0.0479222633655485,0.218911542330569,0.218911542330569,-0.511332525743235
"1863",1863,0.692385683024302,0.781892977932352,0.574852473131558,0.563027558696885,0.0479222633655485,0.218911542330569,0.218911542330569,-0.0540168613714147
"1864",1864,0.0718618877400877,0.656310073594446,0.353582931809925,0.563027558696885,0.0479222633655485,0.218911542330569,0.218911542330569,0.956754608081316
"1865",1865,0.682012429521303,0.594948077692534,0.880421955923196,0.563027558696885,0.0479222633655485,0.218911542330569,0.218911542330569,-1.44987511324107
"1866",1866,0.950358982034377,0.809390494919382,0.18740966451025,0.563027558696885,0.0479222633655485,0.218911542330569,0.218911542330569,1.71584325882383
"1867",1867,0.821136769232107,0.845244333127048,0.317595811068631,0.563027558696885,0.0479222633655485,0.218911542330569,0.218911542330569,1.12114576059054
"1868",1868,0.220303194840904,0.652966704471037,0.489584600957014,0.563027558696885,0.0479222633655485,0.218911542330569,0.218911542330569,0.335491481892572
"1869",1869,0.158088980775326,0.720963993795449,0.3881821238367,0.563027558696885,0.0479222633655485,0.218911542330569,0.218911542330569,0.798703590494824
"1870",1870,0.97967652382818,0.936857841643272,0.0705817100128092,0.563027558696885,0.0479222633655485,0.218911542330569,0.218911542330569,2.24951979891702
"1871",1871,0.00163713200762868,0.713740279603167,0.350419826517995,0.563027558696885,0.0479222633655485,0.218911542330569,0.218911542330569,0.97120384752413
"1872",1872,0.395737791551277,0.0741295269605471,0.685828229711274,0.563027558696885,0.0479222633655485,0.218911542330569,0.218911542330569,-0.560960238583276
"1873",1873,0.831924419104704,0.54933239765733,0.729511935020204,0.563027558696885,0.0479222633655485,0.218911542330569,0.218911542330569,-0.760509813922547
"1874",1874,0.389599682702916,0.237166349571664,0.79449362954508,0.563027558696885,0.0479222633655485,0.218911542330569,0.218911542330569,-1.0573497787461
"1875",1875,0.670506845178548,0.502828860747744,0.954388590419075,0.563027558696885,0.0479222633655485,0.218911542330569,0.218911542330569,-1.78775877943984
"1876",1876,0.286739926429698,0.348074345978443,0.712698039434348,0.563027558696885,0.0479222633655485,0.218911542330569,0.218911542330569,-0.683703011472332
"1877",1877,0.996154399441904,0.233458485807991,0.293758637859317,0.563027558696885,0.0479222633655485,0.218911542330569,0.218911542330569,1.23003528261181
"1878",1878,0.643313889633282,0.944408490732312,0.377435919746748,0.563027558696885,0.0479222633655485,0.218911542330569,0.218911542330569,0.847792843512486
"1879",1879,0.358823542064289,0.959559226924321,0.380967185420268,0.563027558696885,0.0479222633655485,0.218911542330569,0.218911542330569,0.831661827139729
"1880",1880,0.510159606969217,0.361237093620235,0.948916224138277,0.563027558696885,0.0479222633655485,0.218911542330569,0.218911542330569,-1.76276070842659
"1881",1881,0.800751252320013,0.0761423709287774,0.286817562904414,0.563027558696885,0.0479222633655485,0.218911542330569,0.218911542330569,1.2617424958588
"1882",1882,0.482194238133729,0.934149623200414,0.428465292976363,0.563027558696885,0.0479222633655485,0.218911542330569,0.218911542330569,0.614687851942157
"1883",1883,0.200713536270196,0.986047015878488,0.376896335891347,0.563027558696885,0.0479222633655485,0.218911542330569,0.218911542330569,0.850257692326105
"1884",1884,0.752210599993705,0.614542620610911,0.775524814744922,0.563027558696885,0.0479222633655485,0.218911542330569,0.218911542330569,-0.970699186464795
"1885",1885,0.00362720332213212,0.381751258204109,0.311413582860364,0.563027558696885,0.0479222633655485,0.218911542330569,0.218911542330569,1.14938652004274
"1886",1886,0.41012887111248,0.815379704382387,0.551314212399171,0.563027558696885,0.0479222633655485,0.218911542330569,0.218911542330569,0.0535072119679565
"1887",1887,0.699931966314442,0.32792566388892,0.823601700506358,0.563027558696885,0.0479222633655485,0.218911542330569,0.218911542330569,-1.19031705242838
"1888",1888,0.000949378279270604,0.548320490034763,0.327343047220517,0.563027558696885,0.0479222633655485,0.218911542330569,0.218911542330569,1.07661984821463
"1889",1889,0.0839473480752204,0.330825529834838,0.397194607904267,0.563027558696885,0.0479222633655485,0.218911542330569,0.218911542330569,0.757534066167241
"1890",1890,0.556815968453768,0.795437521796906,0.637423906135351,0.563027558696885,0.0479222633655485,0.218911542330569,0.218911542330569,-0.339846618622435
"1891",1891,0.991667210957385,0.0969436744608684,0.104836072661487,0.563027558696885,0.0479222633655485,0.218911542330569,0.218911542330569,2.09304398094963
"1892",1892,0.31411088710709,0.198363972869818,0.706116205507284,0.563027558696885,0.0479222633655485,0.218911542330569,0.218911542330569,-0.653636831055381
"1893",1893,0.365233713522321,0.651960451716557,0.703650622155045,0.563027558696885,0.0479222633655485,0.218911542330569,0.218911542330569,-0.642373910306708
"1894",1894,0.636548685709015,0.082425128330593,0.539139002099938,0.563027558696885,0.0479222633655485,0.218911542330569,0.218911542330569,0.109124244170158
"1895",1895,0.847342948475154,0.99703174767294,0.206900767112749,0.563027558696885,0.0479222633655485,0.218911542330569,0.218911542330569,1.6268068270533
"1896",1896,0.239486459035543,0.284176332975738,0.633072501192253,0.563027558696885,0.0479222633655485,0.218911542330569,0.218911542330569,-0.319969160829337
"1897",1897,0.778615349392756,0.456077064469457,0.832802230495529,0.563027558696885,0.0479222633655485,0.218911542330569,0.218911542330569,-1.23234558089801
"1898",1898,0.296691581464489,0.807731682088459,0.458647599545292,0.563027558696885,0.0479222633655485,0.218911542330569,0.218911542330569,0.476813410751879
"1899",1899,0.541154459075653,0.0518072522068396,0.614450503011005,0.563027558696885,0.0479222633655485,0.218911542330569,0.218911542330569,-0.234902845992782
"1900",1900,0.629829827036825,0.646014981620247,0.855821572602234,0.563027558696885,0.0479222633655485,0.218911542330569,0.218911542330569,-1.33749920533296
"1901",1901,0.602979327829089,0.473830913709593,0.995609896403294,0.563027558696885,0.0479222633655485,0.218911542330569,0.218911542330569,-1.97605997884381
"1902",1902,0.573637047521304,0.882019177895272,0.492204323442267,0.563027558696885,0.0479222633655485,0.218911542330569,0.218911542330569,0.323524445082347
"1903",1903,0.47295416115073,0.767700052599772,0.663731928448931,0.563027558696885,0.0479222633655485,0.218911542330569,0.218911542330569,-0.460023115638081
"1904",1904,0.00769110823317897,0.097141116160783,0.387310072925473,0.563027558696885,0.0479222633655485,0.218911542330569,0.218911542330569,0.802687167157539
"1905",1905,0.721669601013768,0.905255606126739,0.361269026546596,0.563027558696885,0.0479222633655485,0.218911542330569,0.218911542330569,0.921644103377711
"1906",1906,0.651981527617201,0.165928524668096,0.636572210215666,0.563027558696885,0.0479222633655485,0.218911542330569,0.218911542330569,-0.335956024683816
"1907",1907,0.527230908751022,0.530042056867969,0.97678177157516,0.563027558696885,0.0479222633655485,0.218911542330569,0.218911542330569,-1.89005206611483
"1908",1908,0.826523760644603,0.726557115162374,0.489881408095038,0.563027558696885,0.0479222633655485,0.218911542330569,0.218911542330569,0.334135650514911
"1909",1909,0.120181821574224,0.998915989354253,0.412997510417018,0.563027558696885,0.0479222633655485,0.218911542330569,0.218911542330569,0.685345535838915
"1910",1910,0.748102562309476,0.202473167255986,0.565383376699007,0.563027558696885,0.0479222633655485,0.218911542330569,0.218911542330569,-0.0107615065749457
"1911",1911,0.046708401740063,0.906744818165549,0.390664939477691,0.563027558696885,0.0479222633655485,0.218911542330569,0.218911542330569,0.78736195170064
"1912",1912,0.359242855544784,0.556994047141518,0.779430649449027,0.563027558696885,0.0479222633655485,0.218911542330569,0.218911542330569,-0.988541254829592
"1913",1913,0.196816767081968,0.582174763835035,0.497704521954752,0.563027558696885,0.0479222633655485,0.218911542330569,0.218911542330569,0.298399234899599
"1914",1914,0.538133749756846,0.619747037661262,0.904568131540078,0.563027558696885,0.0479222633655485,0.218911542330569,0.218911542330569,-1.56017617530394
"1915",1915,0.450638194943545,0.199729549487703,0.794202376925824,0.563027558696885,0.0479222633655485,0.218911542330569,0.218911542330569,-1.05601932071655
"1916",1916,0.120570283850539,0.821693668385618,0.352233133585653,0.563027558696885,0.0479222633655485,0.218911542330569,0.218911542330569,0.962920560821413
"1917",1917,0.9734994694161,0.405760439010221,0.525516846564339,0.563027558696885,0.0479222633655485,0.218911542330569,0.218911542330569,0.171351002022099
"1918",1918,0.628495301213698,0.756654700116836,0.676104053948117,0.563027558696885,0.0479222633655485,0.218911542330569,0.218911542330569,-0.516539667335037
"1919",1919,0.228932891826611,0.415224167731125,0.610857732642596,0.563027558696885,0.0479222633655485,0.218911542330569,0.218911542330569,-0.21849087278132
"1920",1920,0.570802197688143,0.24463383681362,0.821624140563804,0.563027558696885,0.0479222633655485,0.218911542330569,0.218911542330569,-1.18128344953334
"1921",1921,0.000279520732583478,0.203808758262545,0.352708525959211,0.563027558696885,0.0479222633655485,0.218911542330569,0.218911542330569,0.960748942237501
"1922",1922,0.906838072495186,0.56311468098301,0.602077454643229,0.563027558696885,0.0479222633655485,0.218911542330569,0.218911542330569,-0.178382078581203
"1923",1923,0.428106447790051,0.377273952072719,0.906008015099164,0.563027558696885,0.0479222633655485,0.218911542330569,0.218911542330569,-1.56675364282235
"1924",1924,0.167620592286577,0.127883703199564,0.522684153932155,0.563027558696885,0.0479222633655485,0.218911542330569,0.218911542330569,0.184290898210425
"1925",1925,0.915983479835209,0.694894702746766,0.406631453096758,0.563027558696885,0.0479222633655485,0.218911542330569,0.218911542330569,0.714426036814267
"1926",1926,0.904079020495992,0.900401101424126,0.16655484682276,0.563027558696885,0.0479222633655485,0.218911542330569,0.218911542330569,1.81110921632185
"1927",1927,0.47359895067662,0.108973495132057,0.710966745510803,0.563027558696885,0.0479222633655485,0.218911542330569,0.218911542330569,-0.675794365335571
"1928",1928,0.272229926020605,0.503915686774533,0.661441412524474,0.563027558696885,0.0479222633655485,0.218911542330569,0.218911542330569,-0.449559912555814
"1929",1929,0.920517381574609,0.258762342066504,0.41795849121567,0.563027558696885,0.0479222633655485,0.218911542330569,0.218911542330569,0.662683501914908
"1930",1930,0.915228075614083,0.0689587067121174,0.134198281598754,0.563027558696885,0.0479222633655485,0.218911542330569,0.218911542330569,1.9589157909754
"1931",1931,0.268485685752006,0.70679157327814,0.513131915721366,0.563027558696885,0.0479222633655485,0.218911542330569,0.218911542330569,0.227926049235786
"1932",1932,0.733693022429943,0.00494149305205792,0.290976817410272,0.563027558696885,0.0479222633655485,0.218911542330569,0.218911542330569,1.24274279186157
"1933",1933,0.0795038260602159,0.733026862300583,0.348669969628277,0.563027558696885,0.0479222633655485,0.218911542330569,0.218911542330569,0.979197290314257
"1934",1934,0.443488799513667,0.684002455434063,0.761672420595016,0.563027558696885,0.0479222633655485,0.218911542330569,0.218911542330569,-0.907420685923294
"1935",1935,0.118857232227339,0.248245936804102,0.458871982366021,0.563027558696885,0.0479222633655485,0.218911542330569,0.218911542330569,0.475788417650373
"1936",1936,0.249029358337168,0.877847017535358,0.383229392451923,0.563027558696885,0.0479222633655485,0.218911542330569,0.218911542330569,0.821327940641232
"1937",1937,0.771936955069541,0.363275785796228,0.776551808186699,0.563027558696885,0.0479222633655485,0.218911542330569,0.218911542330569,-0.97539054915332
"1938",1938,0.097282893708325,0.417855557282339,0.401362078352004,0.563027558696885,0.0479222633655485,0.218911542330569,0.218911542330569,0.738496831294336
"1939",1939,0.269732055549743,0.0999193555832608,0.622278945942103,0.563027558696885,0.0479222633655485,0.218911542330569,0.218911542330569,-0.270663605100114
"1940",1940,0.414976542848162,0.481242399382405,0.89776790290491,0.563027558696885,0.0479222633655485,0.218911542330569,0.218911542330569,-1.52911235581424
"1941",1941,0.084434641346219,0.557634155135485,0.372632786031608,0.563027558696885,0.0479222633655485,0.218911542330569,0.218911542330569,0.869733823252545
"1942",1942,0.882507268159301,0.361690146184759,0.615035564855006,0.563027558696885,0.0479222633655485,0.218911542330569,0.218911542330569,-0.237575440766782
"1943",1943,0.829212658212637,0.162292281016475,0.380427329596026,0.563027558696885,0.0479222633655485,0.218911542330569,0.218911542330569,0.834127918322014
"1944",1944,0.767672542294487,0.792864499910851,0.463926613897068,0.563027558696885,0.0479222633655485,0.218911542330569,0.218911542330569,0.452698582015237
"1945",1945,0.587267649994814,0.336779453563853,0.923041924477415,0.563027558696885,0.0479222633655485,0.218911542330569,0.218911542330569,-1.64456548041166
"1946",1946,0.998327403618023,0.746165759320487,0.210841840547333,0.563027558696885,0.0479222633655485,0.218911542330569,0.218911542330569,1.60880378622399
"1947",1947,0.114903158962261,0.0391352224223083,0.458613465386848,0.563027558696885,0.0479222633655485,0.218911542330569,0.218911542330569,0.47696933747041
"1948",1948,0.346401481395704,0.0132428882106906,0.632978720269833,0.563027558696885,0.0479222633655485,0.218911542330569,0.218911542330569,-0.319540764402992
"1949",1949,0.747561036438565,0.536840878160787,0.857962306632079,0.563027558696885,0.0479222633655485,0.218911542330569,0.218911542330569,-1.34727819645903
"1950",1950,0.999857817794429,0.49385105104337,0.507378905425522,0.563027558696885,0.0479222633655485,0.218911542330569,0.218911542330569,0.254206117589407
"1951",1951,0.354527618383872,0.884227690988337,0.435438664941706,0.563027558696885,0.0479222633655485,0.218911542330569,0.218911542330569,0.582833104170051
"1952",1952,0.331704741444672,0.286706772780512,0.76244522436466,0.563027558696885,0.0479222633655485,0.218911542330569,0.218911542330569,-0.910950896169024
"1953",1953,0.996764035877306,0.865465454386896,0.076274549929363,0.563027558696885,0.0479222633655485,0.218911542330569,0.218911542330569,2.22351459217485
"1954",1954,0.810507452960592,0.920928849205142,0.258907035318412,0.563027558696885,0.0479222633655485,0.218911542330569,0.218911542330569,1.3892393253492
"1955",1955,0.568930595110636,0.97163744044397,0.378982193475869,0.563027558696885,0.0479222633655485,0.218911542330569,0.218911542330569,0.840729379829123
"1956",1956,0.14089951285196,0.652131029894343,0.39993130587638,0.563027558696885,0.0479222633655485,0.218911542330569,0.218911542330569,0.745032678880953
"1957",1957,0.83811061962368,0.632168233637698,0.625104148453398,0.563027558696885,0.0479222633655485,0.218911542330569,0.218911542330569,-0.283569286003082
"1958",1958,0.153580330548109,0.91406116887019,0.36446212705873,0.563027558696885,0.0479222633655485,0.218911542330569,0.218911542330569,0.907057844114541
"1959",1959,0.431546049441677,0.995140110833454,0.367481425999902,0.563027558696885,0.0479222633655485,0.218911542330569,0.218911542330569,0.893265520014002
"1960",1960,0.833207377352286,0.00666810958646238,0.149961716046484,0.563027558696885,0.0479222633655485,0.218911542330569,0.218911542330569,1.88690755294505
"1961",1961,0.172527193980757,0.340646055253223,0.525192610441171,0.563027558696885,0.0479222633655485,0.218911542330569,0.218911542330569,0.172832130516814
"1962",1962,0.671951308056479,0.253055459372816,0.747001152073547,0.563027558696885,0.0479222633655485,0.218911542330569,0.218911542330569,-0.840401522085351
"1963",1963,0.61891938281199,0.00186588640930131,0.464759164051223,0.563027558696885,0.0479222633655485,0.218911542330569,0.218911542330569,0.448895446989593
"1964",1964,0.546294850127888,0.7124631562453,0.776341027770299,0.563027558696885,0.0479222633655485,0.218911542330569,0.218911542330569,-0.974427692585064
"1965",1965,0.522839610280935,0.438614737891359,0.988834715301936,0.563027558696885,0.0479222633655485,0.218911542330569,0.218911542330569,-1.94511057787011
"1966",1966,0.378544634087943,0.144160953626269,0.726116024003509,0.563027558696885,0.0479222633655485,0.218911542330569,0.218911542330569,-0.744997105088004
"1967",1967,0.0781965534879128,0.153735412428621,0.428596195372927,0.563027558696885,0.0479222633655485,0.218911542330569,0.218911542330569,0.614089882574391
"1968",1968,0.00336191782634705,0.464389907985111,0.315262285148217,0.563027558696885,0.0479222633655485,0.218911542330569,0.218911542330569,1.13180543570667
"1969",1969,0.618036398848519,0.560038842529175,0.957251871638706,0.563027558696885,0.0479222633655485,0.218911542330569,0.218911542330569,-1.80083840598281
"1970",1970,0.94629952140199,0.163622675878927,0.23719863086329,0.563027558696885,0.0479222633655485,0.218911542330569,0.218911542330569,1.48840451428356
"1971",1971,0.361785212308867,0.751755205347203,0.584778311638615,0.563027558696885,0.0479222633655485,0.218911542330569,0.218911542330569,-0.0993586391570214
"1972",1972,0.656838575675385,0.843545193404425,0.505279485697705,0.563027558696885,0.0479222633655485,0.218911542330569,0.218911542330569,0.263796382705016
"1973",1973,0.285721354417503,0.609068671287387,0.619676507656923,0.563027558696885,0.0479222633655485,0.218911542330569,0.218911542330569,-0.258775523469177
"1974",1974,0.563413602400338,0.147907540957094,0.703468702305019,0.563027558696885,0.0479222633655485,0.218911542330569,0.218911542330569,-0.641542890397528
"1975",1975,0.0240142615967197,0.816253737831139,0.363461889170717,0.563027558696885,0.0479222633655485,0.218911542330569,0.218911542330569,0.9116269859577
"1976",1976,0.821831098984461,0.27309684122249,0.578067081734734,0.563027558696885,0.0479222633655485,0.218911542330569,0.218911542330569,-0.0687013707807988
"1977",1977,0.335097726389416,0.416648727460648,0.791764862015816,0.563027558696885,0.0479222633655485,0.218911542330569,0.218911542330569,-1.04488461816017
"1978",1978,0.86738727390999,0.475811790295644,0.70493458261858,0.563027558696885,0.0479222633655485,0.218911542330569,0.218911542330569,-0.648239112524305
"1979",1979,0.225335978138726,0.000544249513652176,0.54439351204471,0.563027558696885,0.0479222633655485,0.218911542330569,0.218911542330569,0.0851213529163143
"1980",1980,0.880374901300995,0.799136005798005,0.296501243336962,0.563027558696885,0.0479222633655485,0.218911542330569,0.218911542330569,1.21750690951441
"1981",1981,0.00258296597830486,0.634538222363917,0.340246977340083,0.563027558696885,0.0479222633655485,0.218911542330569,0.218911542330569,1.01767398367872
"1982",1982,0.702243200085941,0.998103759140358,0.301693309282039,0.563027558696885,0.0479222633655485,0.218911542330569,0.218911542330569,1.19378926589543
"1983",1983,0.279386533613782,0.999816783936112,0.365089760583183,0.563027558696885,0.0479222633655485,0.218911542330569,0.218911542330569,0.904190779556085
"1984",1984,0.0105559315436985,0.298035030964296,0.32929470039751,0.563027558696885,0.0479222633655485,0.218911542330569,0.218911542330569,1.06770458885363
"1985",1985,0.471206203025533,0.290029761200887,0.880129427220594,0.563027558696885,0.0479222633655485,0.218911542330569,0.218911542330569,-1.4485388259924
"1986",1986,0.706608405310777,0.689670452996506,0.719236397778093,0.563027558696885,0.0479222633655485,0.218911542330569,0.218911542330569,-0.713570593026674
"1987",1987,0.451129393268027,0.583802293029963,0.88197955899424,0.563027558696885,0.0479222633655485,0.218911542330569,0.218911542330569,-1.45699032998324
"1988",1988,0.201210054794443,0.778173144240864,0.396341305518559,0.563027558696885,0.0479222633655485,0.218911542330569,0.218911542330569,0.761431998531262
"1989",1989,0.730944538765354,0.113043044158374,0.445684414794069,0.563027558696885,0.0479222633655485,0.218911542330569,0.218911542330569,0.536029953713547
"1990",1990,0.229062227844144,0.200295544556691,0.607135970810085,0.563027558696885,0.0479222633655485,0.218911542330569,0.218911542330569,-0.201489659446982
"1991",1991,0.999413720221608,0.317993810674176,0.407502356607413,0.563027558696885,0.0479222633655485,0.218911542330569,0.218911542330569,0.710447701540653
"1992",1992,0.98596886822558,0.628637978565297,0.406999116756433,0.563027558696885,0.0479222633655485,0.218911542330569,0.218911542330569,0.712746528937429
"1993",1993,0.463529982812819,0.0106349565850105,0.630872636601096,0.563027558696885,0.0479222633655485,0.218911542330569,0.218911542330569,-0.309920058037694
"1994",1994,0.488719938292867,0.858732060999842,0.530396606214265,0.563027558696885,0.0479222633655485,0.218911542330569,0.218911542330569,0.149059990785435
"1995",1995,0.998693381660152,0.00764346181845758,0,0.563027558696885,0.0479222633655485,0.218911542330569,0.218911542330569,2.57194094337283
"1996",1996,0.170963994999067,0.495987452287576,0.492479994273593,0.563027558696885,0.0479222633655485,0.218911542330569,0.218911542330569,0.32226516551951
"1997",1997,0.938942126603215,0.996868003075127,0.127018561130552,0.563027558696885,0.0479222633655485,0.218911542330569,0.218911542330569,1.99171315009025
"1998",1998,0.00125395597924944,0.00247367588384077,0.391026544666242,0.563027558696885,0.0479222633655485,0.218911542330569,0.218911542330569,0.785710119254067
"1999",1999,0.0190808011754416,0.994919121407438,0.466575907052616,0.563027558696885,0.0479222633655485,0.218911542330569,0.218911542330569,0.440596464752057
"2000",2000,0.686408739156788,0.418022290158551,0.925400894585403,0.563027558696885,0.0479222633655485,0.218911542330569,0.218911542330569,-1.65534138598007
